                 566      2.05000000E+11      1.90182700E+02      1.93000000E+02      7.88860905E-31      7.88860905E-31      1.50000000E+00     -1.59549850E+09      4.29259217E-06     -1.57677146E+09      4.25714279E-06
                 567      2.05000000E+11      1.90182700E+02      1.93000000E+02      7.88860905E-31      7.88860905E-31      1.50000000E+00     -1.57677146E+09      4.25714325E-06     -1.55709978E+09      4.22169387E-06
                 568      2.05000000E+11      1.90182700E+02      1.93000000E+02      7.88860905E-31      7.88860905E-31      1.50000000E+00     -1.55709978E+09      4.22169387E-06     -1.53648346E+09      4.18624495E-06
                 569      2.05000000E+11      1.90182700E+02      1.93000000E+02      7.88860905E-31      7.88860905E-31      1.50000000E+00     -1.53648346E+09      4.18624495E-06     -1.51492250E+09      4.15079558E-06
                 570      2.05000000E+11      1.90182700E+02      1.93000000E+02      7.88860905E-31      7.88860905E-31      1.50000000E+00     -1.51492250E+09      4.15079558E-06     -1.49241690E+09      4.11534666E-06
                 571      2.05000000E+11      1.90182700E+02      1.93000000E+02      7.88860905E-31      7.88860905E-31      1.50000000E+00     -1.49241690E+09      4.11534666E-06     -1.46896666E+09      4.07989774E-06
                 572      2.05000000E+11      1.90182700E+02      1.93000000E+02      7.88860905E-31      7.88860905E-31      1.50000000E+00     -1.46896666E+09      4.07989774E-06     -1.44457178E+09      4.04444836E-06
                 573      2.05000000E+11      1.90182700E+02      1.93000000E+02      7.88860905E-31      7.88860905E-31      1.50000000E+00     -1.44457178E+09      4.04444836E-06     -1.41923238E+09      4.00899944E-06
                 574      2.05000000E+11      1.90182700E+02      1.93000000E+02      7.88860905E-31      7.88860905E-31      1.50000000E+00     -1.41923238E+09      4.00899944E-06     -1.39294822E+09      3.97355052E-06
                 575      2.05000000E+11      1.90182700E+02      1.93000000E+02      7.88860905E-31      7.88860905E-31      1.50000000E+00     -1.39294822E+09      3.97355052E-06     -1.36571955E+09      3.93810160E-06
                 576      2.05000000E+11      1.90182700E+02      1.93000000E+02      7.88860905E-31      7.88860905E-31      1.50000000E+00     -1.36571955E+09      3.93810160E-06     -1.33754611E+09      3.90265222E-06
                 577      2.05000000E+11      1.90182700E+02      1.93000000E+02      7.88860905E-31      7.88860905E-31      1.50000000E+00     -1.33754611E+09      3.90265222E-06     -1.30842816E+09      3.86720330E-06
                 578      2.05000000E+11      1.90182700E+02      1.93000000E+02      7.88860905E-31      7.88860905E-31      1.50000000E+00     -1.30842816E+09      3.86720330E-06     -1.27836557E+09      3.83175393E-06
                 579      2.05000000E+11      1.90182700E+02      1.93000000E+02      7.88860905E-31      7.88860905E-31      1.50000000E+00     -1.27836557E+09      3.83175393E-06     -1.24735834E+09      3.79630501E-06
                 580      2.05000000E+11      1.90182700E+02      1.93000000E+02      7.88860905E-31      7.88860905E-31      1.50000000E+00     -1.24735834E+09      3.79630501E-06     -1.21540646E+09      3.76085586E-06
                 581      2.05000000E+11      1.90182700E+02      1.93000000E+02      7.88860905E-31      7.88860905E-31      1.50000000E+00     -1.21540646E+09      3.76085586E-06     -1.18251008E+09      3.72540671E-06
                 582      2.05000000E+11      1.90182700E+02      1.93000000E+02      7.88860905E-31      7.88860905E-31      1.50000000E+00     -1.18251008E+09      3.72540671E-06     -1.14866893E+09      3.68995734E-06
                 583      2.05000000E+11      1.90182700E+02      1.93000000E+02      7.88860905E-31      7.88860905E-31      1.50000000E+00     -1.14866893E+09      3.68995757E-06     -1.11388326E+09      3.65450819E-06
                 584      2.05000000E+11      1.90182700E+02      1.93000000E+02      7.88860905E-31      7.88860905E-31      1.50000000E+00     -1.11388326E+09      3.65450819E-06     -1.07815283E+09      3.61905882E-06
                 585      2.05000000E+11      1.90182700E+02      1.93000000E+02      7.88860905E-31      7.88860905E-31      1.50000000E+00     -1.07815283E+09      3.61905882E-06     -1.04147789E+09      3.58360967E-06
                 586      2.05000000E+11      1.90182700E+02      1.93000000E+02      7.88860905E-31      7.88860905E-31      1.50000000E+00     -1.03123725E+09      3.49112884E-06     -1.00226982E+09      3.45559215E-06
                 587      2.05000000E+11      1.90182700E+02      1.93000000E+02      7.88860905E-31      7.88860905E-31      1.50000000E+00     -1.00226982E+09      3.45559215E-06     -9.72357696E+08      3.42005546E-06
                 588      2.05000000E+11      1.90182700E+02      1.93000000E+02      7.88860905E-31      7.88860905E-31      1.50000000E+00     -9.72357696E+08      3.42005569E-06     -9.41500992E+08      3.38451900E-06
                 589      2.05000000E+11      1.90182700E+02      1.93000000E+02      7.88860905E-31      7.88860905E-31      1.50000000E+00     -9.41500992E+08      3.38451900E-06     -9.09699648E+08      3.34898255E-06
                 590      2.05000000E+11      1.90182700E+02      1.93000000E+02      7.88860905E-31      7.88860905E-31      1.50000000E+00     -9.09699648E+08      3.34898255E-06     -8.76953728E+08      3.31344609E-06
                 591      2.05000000E+11      1.90182700E+02      1.93000000E+02      7.88860905E-31      7.88860905E-31      1.50000000E+00     -8.76953728E+08      3.31344609E-06     -8.43263104E+08      3.27790940E-06
                 592      2.05000000E+11      1.90182700E+02      1.93000000E+02      7.88860905E-31      7.88860905E-31      1.50000000E+00     -8.43263104E+08      3.27790940E-06     -8.08627904E+08      3.24237294E-06
                 593      2.05000000E+11      1.90182700E+02      1.93000000E+02      7.88860905E-31      7.88860905E-31      1.50000000E+00     -8.08627904E+08      3.24237294E-06     -7.73048064E+08      3.20683648E-06
                 594      2.05000000E+11      1.90182700E+02      1.93000000E+02      7.88860905E-31      7.88860905E-31      1.50000000E+00     -7.73048064E+08      3.20683648E-06     -7.36523584E+08      3.17130002E-06
                 595      2.05000000E+11      1.90182700E+02      1.93000000E+02      7.88860905E-31      7.88860905E-31      1.50000000E+00     -7.36523584E+08      3.17130002E-06     -6.99054528E+08      3.13576379E-06
                 596      2.05000000E+11      1.90182700E+02      1.93000000E+02      7.88860905E-31      7.88860905E-31      1.50000000E+00     -6.84091136E+08      3.13195119E-06     -6.54329536E+08      3.09711322E-06
                 597      2.05000000E+11      1.90182700E+02      1.93000000E+02      7.88860905E-31      7.88860905E-31      1.50000000E+00     -6.54329536E+08      3.09711322E-06     -6.23623360E+08      3.06227525E-06
                 598      2.05000000E+11      1.90182700E+02      1.93000000E+02      7.88860905E-31      7.88860905E-31      1.50000000E+00     -6.23623360E+08      3.06227525E-06     -5.91972544E+08      3.02743729E-06
                 599      2.05000000E+11      1.90182700E+02      1.93000000E+02      7.88860905E-31      7.88860905E-31      1.50000000E+00     -5.91972544E+08      3.02743729E-06     -5.59377088E+08      2.99259932E-06
                 600      2.05000000E+11      1.90182700E+02      1.93000000E+02      7.88860905E-31      7.88860905E-31      1.50000000E+00     -5.59377088E+08      2.99259932E-06     -5.25837024E+08      2.95776135E-06
                 601      2.05000000E+11      1.90182700E+02      1.93000000E+02      7.88860905E-31      7.88860905E-31      1.50000000E+00     -5.25837024E+08      2.95776135E-06     -4.91352320E+08      2.92292339E-06
                 602      2.05000000E+11      1.90182700E+02      1.93000000E+02      7.88860905E-31      7.88860905E-31      1.50000000E+00     -4.91352320E+08      2.92292339E-06     -4.55922976E+08      2.88808542E-06
                 603      2.05000000E+11      1.90182700E+02      1.93000000E+02      7.88860905E-31      7.88860905E-31      1.50000000E+00     -4.55922976E+08      2.88808542E-06     -4.19549024E+08      2.85324745E-06
                 604      2.05000000E+11      1.90182700E+02      1.93000000E+02      7.88860905E-31      7.88860905E-31      1.50000000E+00     -4.19549024E+08      2.85324722E-06     -3.82230464E+08      2.81840903E-06
                 605      2.05000000E+11      1.90182700E+02      1.93000000E+02      7.88860905E-31      7.88860905E-31      1.50000000E+00     -3.82230464E+08      2.81840903E-06     -3.43967264E+08      2.78357106E-06
                 606      2.05000000E+11      1.90182700E+02      1.93000000E+02      7.88860905E-31      7.88860905E-31      1.50000000E+00     -3.24513504E+08      2.77453842E-06     -2.93957824E+08      2.74048602E-06
                 607      2.05000000E+11      1.90182700E+02      1.93000000E+02      7.88860905E-31      7.88860905E-31      1.50000000E+00     -2.93957824E+08      2.74048602E-06     -2.62457536E+08      2.70643363E-06
                 608      2.05000000E+11      1.90182700E+02      1.93000000E+02      7.88860905E-31      7.88860905E-31      1.50000000E+00     -2.62457536E+08      2.70643363E-06     -2.30012592E+08      2.67238124E-06
                 609      2.05000000E+11      1.90182700E+02      1.93000000E+02      7.88860905E-31      7.88860905E-31      1.50000000E+00     -2.30012592E+08      2.67238124E-06     -1.96623040E+08      2.63832908E-06
                 610      2.05000000E+11      1.90182700E+02      1.93000000E+02      7.88860905E-31      7.88860905E-31      1.50000000E+00     -1.96623040E+08      2.63832908E-06     -1.62288848E+08      2.60427669E-06
                 611      2.05000000E+11      1.90182700E+02      1.93000000E+02      7.88860905E-31      7.88860905E-31      1.50000000E+00     -1.62288848E+08      2.60427669E-06     -1.27010040E+08      2.57022430E-06
                 612      2.05000000E+11      1.90182700E+02      1.93000000E+02      7.88860905E-31      7.88860905E-31      1.50000000E+00     -1.27010040E+08      2.57022452E-06     -9.07866080E+07      2.53617213E-06
                 613      2.05000000E+11      1.90182700E+02      1.93000000E+02      7.88860905E-31      7.88860905E-31      1.50000000E+00     -9.07866080E+07      2.53617213E-06     -5.36185480E+07      2.50211974E-06
                 614      2.05000000E+11      1.90182700E+02      1.93000000E+02      7.88860905E-31      7.88860905E-31      1.50000000E+00     -5.36185480E+07      2.50211974E-06     -1.55058590E+07      2.46806735E-06
                 615      2.05000000E+11      1.90182700E+02      1.93000000E+02      7.88860905E-31      7.88860905E-31      1.50000000E+00     -1.55058590E+07      2.46806735E-06      2.35514540E+07      2.43401496E-06
                 616      2.05000000E+11      1.90182700E+02      1.93000000E+02      7.88860905E-31      7.88860905E-31      1.50000000E+00      4.72828320E+07      2.44519083E-06      7.86326240E+07      2.41192424E-06
                 617      2.05000000E+11      1.90182700E+02      1.93000000E+02      7.88860905E-31      7.88860905E-31      1.50000000E+00      7.86326240E+07      2.41192424E-06      1.10927040E+08      2.37865765E-06
                 618      2.05000000E+11      1.90182700E+02      1.93000000E+02      7.88860905E-31      7.88860905E-31      1.50000000E+00      1.10927040E+08      2.37865765E-06      1.44166080E+08      2.34539107E-06
                 619      2.05000000E+11      1.90182700E+02      1.93000000E+02      7.88860905E-31      7.88860905E-31      1.50000000E+00      1.44166080E+08      2.34539107E-06      1.78349760E+08      2.31212425E-06
                 620      2.05000000E+11      1.90182700E+02      1.93000000E+02      7.88860905E-31      7.88860905E-31      1.50000000E+00      1.78349760E+08      2.31212448E-06      2.13478048E+08      2.27885766E-06
                 621      2.05000000E+11      1.90182700E+02      1.93000000E+02      7.88860905E-31      7.88860905E-31      1.50000000E+00      2.13478048E+08      2.27885766E-06      2.49550976E+08      2.24559108E-06
                 622      2.05000000E+11      1.90182700E+02      1.93000000E+02      7.88860905E-31      7.88860905E-31      1.50000000E+00      2.49550976E+08      2.24559108E-06      2.86568512E+08      2.21232449E-06
                 623      2.05000000E+11      1.90182700E+02      1.93000000E+02      7.88860905E-31      7.88860905E-31      1.50000000E+00      2.86568512E+08      2.21232449E-06      3.24530688E+08      2.17905790E-06
                 624      2.05000000E+11      1.90182700E+02      1.93000000E+02      7.88860905E-31      7.88860905E-31      1.50000000E+00      3.24530688E+08      2.17905790E-06      3.63437504E+08      2.14579131E-06
                 625      2.05000000E+11      1.90182700E+02      1.93000000E+02      7.88860905E-31      7.88860905E-31      1.50000000E+00      3.63437504E+08      2.14579131E-06      4.03288928E+08      2.11252450E-06
                 626      2.05000000E+11      1.90182700E+02      1.93000000E+02      7.88860905E-31      7.88860905E-31      1.50000000E+00      4.31102272E+08      2.09145878E-06      4.36478464E+08      2.05843685E-06
                 627      2.05000000E+11      1.90182700E+02      1.93000000E+02      7.88860905E-31      7.88860905E-31      1.50000000E+00      4.36478464E+08      2.05843685E-06      4.42799264E+08      2.02541469E-06
                 628      2.05000000E+11      1.90182700E+02      1.93000000E+02      7.88860905E-31      7.88860905E-31      1.50000000E+00      4.42799264E+08      2.02541469E-06      4.50064672E+08      1.99239275E-06
                 629      2.05000000E+11      1.90182700E+02      1.93000000E+02      7.88860905E-31      7.88860905E-31      1.50000000E+00      4.50064672E+08      1.99239275E-06      4.58274720E+08      1.95937082E-06
                 630      2.05000000E+11      1.90182700E+02      1.93000000E+02      7.88860905E-31      7.88860905E-31      1.50000000E+00      4.58274720E+08      1.95937082E-06      4.67429408E+08      1.92634866E-06
                 631      2.05000000E+11      1.90182700E+02      1.93000000E+02      7.88860905E-31      7.88860905E-31      1.50000000E+00      4.96853728E+08      1.94042718E-06      4.98300896E+08      1.90773153E-06
                 632      2.05000000E+11      1.90182700E+02      1.93000000E+02      7.88860905E-31      7.88860905E-31      1.50000000E+00      4.98300896E+08      1.90773153E-06      5.00692672E+08      1.87503576E-06
                 633      2.05000000E+11      1.90182700E+02      1.93000000E+02      7.88860905E-31      7.88860905E-31      1.50000000E+00      5.00692672E+08      1.87503588E-06      5.04029088E+08      1.84234023E-06
                 634      2.05000000E+11      1.90182700E+02      1.93000000E+02      7.88860905E-31      7.88860905E-31      1.50000000E+00      5.04029088E+08      1.84234023E-06      5.08310112E+08      1.80964457E-06
                 635      2.05000000E+11      1.90182700E+02      1.93000000E+02      7.88860905E-31      7.88860905E-31      1.50000000E+00      5.08310112E+08      1.80964457E-06      5.13535776E+08      1.77694903E-06
                 636      2.05000000E+11      1.90182700E+02      1.93000000E+02      7.88860905E-31      7.88860905E-31      1.50000000E+00      5.44499072E+08      1.75147113E-06      5.42017216E+08      1.71886279E-06
                 637      2.05000000E+11      1.90182700E+02      1.93000000E+02      7.88860905E-31      7.88860905E-31      1.50000000E+00      5.42017216E+08      1.71886279E-06      5.40479936E+08      1.68625456E-06
                 638      2.05000000E+11      1.90182700E+02      1.93000000E+02      7.88860905E-31      7.88860905E-31      1.50000000E+00      5.40479936E+08      1.68625456E-06      5.39887360E+08      1.65364622E-06
                 639      2.05000000E+11      1.90182700E+02      1.93000000E+02      7.88860905E-31      7.88860905E-31      1.50000000E+00      5.39887360E+08      1.65364622E-06      5.40239360E+08      1.62103800E-06
                 640      2.05000000E+11      1.90182700E+02      1.93000000E+02      7.88860905E-31      7.88860905E-31      1.50000000E+00      5.40239360E+08      1.62103800E-06      5.41536000E+08      1.58842988E-06
                 641      2.05000000E+11      1.90182700E+02      1.93000000E+02      7.88860905E-31      7.88860905E-31      1.50000000E+00      5.73971264E+08      1.59826777E-06      5.67560384E+08      1.56615943E-06
                 642      2.05000000E+11      1.90182700E+02      1.93000000E+02      7.88860905E-31      7.88860905E-31      1.50000000E+00      5.67560384E+08      1.56615943E-06      5.62094144E+08      1.53405108E-06
                 643      2.05000000E+11      1.90182700E+02      1.93000000E+02      7.88860905E-31      7.88860905E-31      1.50000000E+00      5.62094144E+08      1.53405108E-06      5.57572544E+08      1.50194273E-06
                 644      2.05000000E+11      1.90182700E+02      1.93000000E+02      7.88860905E-31      7.88860905E-31      1.50000000E+00      5.57572544E+08      1.50194273E-06      5.53995520E+08      1.46983450E-06
                 645      2.05000000E+11      1.90182700E+02      1.93000000E+02      7.88860905E-31      7.88860905E-31      1.50000000E+00      5.53995520E+08      1.46983450E-06      5.51363136E+08      1.43772627E-06
                 646      2.05000000E+11      1.90182700E+02      1.93000000E+02      7.88860905E-31      7.88860905E-31      1.50000000E+00      5.85208064E+08      1.39888675E-06      5.74868160E+08      1.36669109E-06
                 647      2.05000000E+11      1.90182700E+02      1.93000000E+02      7.88860905E-31      7.88860905E-31      1.50000000E+00      5.74868160E+08      1.36669109E-06      5.65472896E+08      1.33449555E-06
                 648      2.05000000E+11      1.90182700E+02      1.93000000E+02      7.88860905E-31      7.88860905E-31      1.50000000E+00      5.65472896E+08      1.33449555E-06      5.57022272E+08      1.30230001E-06
                 649      2.05000000E+11      1.90182700E+02      1.93000000E+02      7.88860905E-31      7.88860905E-31      1.50000000E+00      5.57022272E+08      1.30230001E-06      5.49516224E+08      1.27010435E-06
                 650      2.05000000E+11      1.90182700E+02      1.93000000E+02      7.88860905E-31      7.88860905E-31      1.50000000E+00      5.49516224E+08      1.27010435E-06      5.42954880E+08      1.23790880E-06
                 651      2.05000000E+11      1.90182700E+02      1.93000000E+02      7.88860905E-31      7.88860905E-31      1.50000000E+00      5.78151232E+08      1.27869748E-06      5.63882304E+08      1.24676376E-06
                 652      2.05000000E+11      1.90182700E+02      1.93000000E+02      7.88860905E-31      7.88860905E-31      1.50000000E+00      5.63882304E+08      1.24676376E-06      5.50558016E+08      1.21483015E-06
                 653      2.05000000E+11      1.90182700E+02      1.93000000E+02      7.88860905E-31      7.88860905E-31      1.50000000E+00      5.50558016E+08      1.21483015E-06      5.38178368E+08      1.18289643E-06
                 654      2.05000000E+11      1.90182700E+02      1.93000000E+02      7.88860905E-31      7.88860905E-31      1.50000000E+00      5.38178368E+08      1.18289643E-06      5.26743328E+08      1.15096270E-06
                 655      2.05000000E+11      1.90182700E+02      1.93000000E+02      7.88860905E-31      7.88860905E-31      1.50000000E+00      5.26743328E+08      1.15096270E-06      5.16252928E+08      1.11902909E-06
                 656      2.05000000E+11      1.90182700E+02      1.93000000E+02      7.88860905E-31      7.88860905E-31      1.50000000E+00      5.52746432E+08      1.05818708E-06      5.34548480E+08      1.02607873E-06
                 657      2.05000000E+11      1.90182700E+02      1.93000000E+02      7.88860905E-31      7.88860905E-31      1.50000000E+00      5.34548480E+08      1.02607873E-06      5.17295168E+08      9.93970389E-07
                 658      2.05000000E+11      1.90182700E+02      1.93000000E+02      7.88860905E-31      7.88860905E-31      1.50000000E+00      5.17295168E+08      9.93970502E-07      5.00986496E+08      9.61862156E-07
                 659      2.05000000E+11      1.90182700E+02      1.93000000E+02      7.88860905E-31      7.88860905E-31      1.50000000E+00      5.00986496E+08      9.61862156E-07      4.85622464E+08      9.29753810E-07
                 660      2.05000000E+11      1.90182700E+02      1.93000000E+02      7.88860905E-31      7.88860905E-31      1.50000000E+00      4.85622464E+08      9.29753810E-07      4.71203008E+08      8.97645521E-07
                 661      2.05000000E+11      1.90182700E+02      1.93000000E+02      7.88860905E-31      7.88860905E-31      1.50000000E+00      5.08942720E+08      8.79760535E-07      4.86815776E+08      8.47826868E-07
                 662      2.05000000E+11      1.90182700E+02      1.93000000E+02      7.88860905E-31      7.88860905E-31      1.50000000E+00      4.86815776E+08      8.47826811E-07      4.65633472E+08      8.15893145E-07
                 663      2.05000000E+11      1.90182700E+02      1.93000000E+02      7.88860905E-31      7.88860905E-31      1.50000000E+00      4.65633472E+08      8.15893145E-07      4.45395776E+08      7.83959479E-07
                 664      2.05000000E+11      1.90182700E+02      1.93000000E+02      7.88860905E-31      7.88860905E-31      1.50000000E+00      4.45395776E+08      7.83959422E-07      4.26102688E+08      7.52025699E-07
                 665      2.05000000E+11      1.90182700E+02      1.93000000E+02      7.88860905E-31      7.88860905E-31      1.50000000E+00      4.26102688E+08      7.52025755E-07      4.07754240E+08      7.20092089E-07
                 666      2.05000000E+11      1.90182700E+02      1.93000000E+02      7.88860905E-31      7.88860905E-31      1.50000000E+00      4.46692480E+08      7.55343933E-07      4.20636512E+08      7.24021390E-07
                 667      2.05000000E+11      1.90182700E+02      1.93000000E+02      7.88860905E-31      7.88860905E-31      1.50000000E+00      4.20636512E+08      7.24021390E-07      3.95525184E+08      6.92698848E-07
                 668      2.05000000E+11      1.90182700E+02      1.93000000E+02      7.88860905E-31      7.88860905E-31      1.50000000E+00      3.95525184E+08      6.92698904E-07      3.71358464E+08      6.61376362E-07
                 669      2.05000000E+11      1.90182700E+02      1.93000000E+02      7.88860905E-31      7.88860905E-31      1.50000000E+00      3.71358464E+08      6.61376362E-07      3.48136384E+08      6.30053876E-07
                 670      2.05000000E+11      1.90182700E+02      1.93000000E+02      7.88860905E-31      7.88860905E-31      1.50000000E+00      3.48136384E+08      6.30053876E-07      3.25858912E+08      5.98731390E-07
