                 681      3.60000000E+10      1.90018300E+03      1.93000000E+03      7.88860905E-31      7.88860905E-31      1.50000000E+00      3.65934272E+08      5.66242932E-07      3.36049280E+08      5.35356889E-07
                 682      3.60000000E+10      1.90018300E+03      1.93000000E+03      7.88860905E-31      7.88860905E-31      1.50000000E+00      3.36049280E+08      5.35356946E-07      3.07308864E+08      5.04470961E-07
                 683      3.60000000E+10      1.90018300E+03      1.93000000E+03      7.88860905E-31      7.88860905E-31      1.50000000E+00      3.07308864E+08      5.04470961E-07      2.79713024E+08      4.73585004E-07
                 684      3.60000000E+10      1.90018300E+03      1.93000000E+03      7.88860905E-31      7.88860905E-31      1.50000000E+00      2.79713024E+08      4.73585033E-07      2.53261776E+08      4.42698990E-07
                 685      3.60000000E+10      1.90018300E+03      1.93000000E+03      7.88860905E-31      7.88860905E-31      1.50000000E+00      2.53261776E+08      4.42698962E-07      2.27955120E+08      4.11813005E-07
                 686      3.60000000E+10      1.90018300E+03      1.93000000E+03      7.88860905E-31      7.88860905E-31      4.00000000E+00      2.27372224E+08      4.11813033E-07      1.65483568E+08      3.29450444E-07
                 687      3.60000000E+10      1.90018300E+03      1.93000000E+03      7.88860905E-31      7.88860905E-31      4.00000000E+00      1.65483568E+08      3.29450444E-07      1.11734184E+08      2.47087826E-07
                 688      3.60000000E+10      1.90018300E+03      1.93000000E+03      7.88860905E-31      7.88860905E-31      4.00000000E+00      1.11734184E+08      2.47087854E-07      6.61240840E+07      1.64725222E-07
                 689      3.60000000E+10      1.90018300E+03      1.93000000E+03      7.88860905E-31      7.88860905E-31      4.00000000E+00      6.61240840E+07      1.64725236E-07      2.86532640E+07      8.23626181E-08
                 690      3.60000000E+10      1.90018300E+03      1.93000000E+03      7.88860905E-31      7.88860905E-31      4.00000000E+00      2.86532640E+07      8.23626252E-08     -6.78273438E+05      2.10442063E-19
