                 671      3.60000000E+10      1.90018300E+03      1.93000000E+03      7.88860905E-31      7.88860905E-31      4.00000000E+00     -6.78273438E+05      1.09566412E-16      2.86532640E+07     -6.81716728E-08
                 672      3.60000000E+10      1.90018300E+03      1.93000000E+03      7.88860905E-31      7.88860905E-31      4.00000000E+00      2.86532640E+07     -6.81716728E-08      6.61240840E+07     -1.36343346E-07
                 673      3.60000000E+10      1.90018300E+03      1.93000000E+03      7.88860905E-31      7.88860905E-31      4.00000000E+00      6.61240840E+07     -1.36343346E-07      1.11734184E+08     -2.04515032E-07
                 674      3.60000000E+10      1.90018300E+03      1.93000000E+03      7.88860905E-31      7.88860905E-31      4.00000000E+00      1.11734184E+08     -2.04515032E-07      1.65483568E+08     -2.72686691E-07
                 675      3.60000000E+10      1.90018300E+03      1.93000000E+03      7.88860905E-31      7.88860905E-31      4.00000000E+00      1.65483568E+08     -2.72686691E-07      2.27372224E+08     -3.40858378E-07
                 676      3.60000000E+10      1.90018300E+03      1.93000000E+03      7.88860905E-31      7.88860905E-31      1.50000000E+00      2.27955120E+08     -3.40858378E-07      2.53261776E+08     -3.66422768E-07
                 677      3.60000000E+10      1.90018300E+03      1.93000000E+03      7.88860905E-31      7.88860905E-31      1.50000000E+00      2.53261776E+08     -3.66422768E-07      2.79713024E+08     -3.91987129E-07
                 678      3.60000000E+10      1.90018300E+03      1.93000000E+03      7.88860905E-31      7.88860905E-31      1.50000000E+00      2.79713024E+08     -3.91987129E-07      3.07308864E+08     -4.17551519E-07
                 679      3.60000000E+10      1.90018300E+03      1.93000000E+03      7.88860905E-31      7.88860905E-31      1.50000000E+00      3.07308864E+08     -4.17551519E-07      3.36049280E+08     -4.43115880E-07
                 680      3.60000000E+10      1.90018300E+03      1.93000000E+03      7.88860905E-31      7.88860905E-31      1.50000000E+00      3.36049280E+08     -4.43115880E-07      3.65934272E+08     -4.68680270E-07
