                 461      2.05000000E+11      1.90182700E+02      1.93000000E+02      7.88860905E-31      7.88860905E-31      1.50000000E+00      3.25858912E+08     -4.85577971E-07      3.48136384E+08     -5.11498456E-07
                 462      2.05000000E+11      1.90182700E+02      1.93000000E+02      7.88860905E-31      7.88860905E-31      1.50000000E+00      3.48136384E+08     -5.11498456E-07      3.71358464E+08     -5.37418885E-07
                 463      2.05000000E+11      1.90182700E+02      1.93000000E+02      7.88860905E-31      7.88860905E-31      1.50000000E+00      3.71358464E+08     -5.37418885E-07      3.95525184E+08     -5.63339370E-07
                 464      2.05000000E+11      1.90182700E+02      1.93000000E+02      7.88860905E-31      7.88860905E-31      1.50000000E+00      3.95525184E+08     -5.63339370E-07      4.20636512E+08     -5.89259798E-07
                 465      2.05000000E+11      1.90182700E+02      1.93000000E+02      7.88860905E-31      7.88860905E-31      1.50000000E+00      4.20636512E+08     -5.89259798E-07      4.46692480E+08     -6.15180284E-07
                 466      2.05000000E+11      1.90182700E+02      1.93000000E+02      7.88860905E-31      7.88860905E-31      1.50000000E+00      4.07754240E+08     -6.01654278E-07      4.26102688E+08     -6.27574764E-07
                 467      2.05000000E+11      1.90182700E+02      1.93000000E+02      7.88860905E-31      7.88860905E-31      1.50000000E+00      4.26102688E+08     -6.27574764E-07      4.45395744E+08     -6.53495192E-07
                 468      2.05000000E+11      1.90182700E+02      1.93000000E+02      7.88860905E-31      7.88860905E-31      1.50000000E+00      4.45395744E+08     -6.53495192E-07      4.65633440E+08     -6.79415677E-07
                 469      2.05000000E+11      1.90182700E+02      1.93000000E+02      7.88860905E-31      7.88860905E-31      1.50000000E+00      4.65633440E+08     -6.79415677E-07      4.86815776E+08     -7.05336106E-07
                 470      2.05000000E+11      1.90182700E+02      1.93000000E+02      7.88860905E-31      7.88860905E-31      1.50000000E+00      4.86815776E+08     -7.05336106E-07      5.08942720E+08     -7.31256591E-07
                 471      2.05000000E+11      1.90182700E+02      1.93000000E+02      7.88860905E-31      7.88860905E-31      1.50000000E+00      4.71203008E+08     -7.32377714E-07      4.85622432E+08     -7.58298199E-07
                 472      2.05000000E+11      1.90182700E+02      1.93000000E+02      7.88860905E-31      7.88860905E-31      1.50000000E+00      4.85622432E+08     -7.58298199E-07      5.00986496E+08     -7.84218628E-07
                 473      2.05000000E+11      1.90182700E+02      1.93000000E+02      7.88860905E-31      7.88860905E-31      1.50000000E+00      5.00986496E+08     -7.84218628E-07      5.17295168E+08     -8.10139113E-07
                 474      2.05000000E+11      1.90182700E+02      1.93000000E+02      7.88860905E-31      7.88860905E-31      1.50000000E+00      5.17295168E+08     -8.10139113E-07      5.34548480E+08     -8.36059542E-07
                 475      2.05000000E+11      1.90182700E+02      1.93000000E+02      7.88860905E-31      7.88860905E-31      1.50000000E+00      5.34548480E+08     -8.36059542E-07      5.52746432E+08     -8.61980027E-07
                 476      2.05000000E+11      1.90182700E+02      1.93000000E+02      7.88860905E-31      7.88860905E-31      1.50000000E+00      5.16252928E+08     -8.63708181E-07      5.26743328E+08     -8.89633952E-07
                 477      2.05000000E+11      1.90182700E+02      1.93000000E+02      7.88860905E-31      7.88860905E-31      1.50000000E+00      5.26743328E+08     -8.89633952E-07      5.38178368E+08     -9.15559724E-07
                 478      2.05000000E+11      1.90182700E+02      1.93000000E+02      7.88860905E-31      7.88860905E-31      1.50000000E+00      5.38178368E+08     -9.15559724E-07      5.50558016E+08     -9.41485496E-07
                 479      2.05000000E+11      1.90182700E+02      1.93000000E+02      7.88860905E-31      7.88860905E-31      1.50000000E+00      5.50558016E+08     -9.41485496E-07      5.63882304E+08     -9.67411324E-07
                 480      2.05000000E+11      1.90182700E+02      1.93000000E+02      7.88860905E-31      7.88860905E-31      1.50000000E+00      5.63882304E+08     -9.67411324E-07      5.78151232E+08     -9.93337039E-07
                 481      2.05000000E+11      1.90182700E+02      1.93000000E+02      7.88860905E-31      7.88860905E-31      1.50000000E+00      5.42954880E+08     -9.88680426E-07      5.49516224E+08     -1.01451894E-06
                 482      2.05000000E+11      1.90182700E+02      1.93000000E+02      7.88860905E-31      7.88860905E-31      1.50000000E+00      5.49516224E+08     -1.01451894E-06      5.57022272E+08     -1.04035735E-06
                 483      2.05000000E+11      1.90182700E+02      1.93000000E+02      7.88860905E-31      7.88860905E-31      1.50000000E+00      5.57022272E+08     -1.04035735E-06      5.65472896E+08     -1.06619586E-06
                 484      2.05000000E+11      1.90182700E+02      1.93000000E+02      7.88860905E-31      7.88860905E-31      1.50000000E+00      5.65472896E+08     -1.06619586E-06      5.74868160E+08     -1.09203427E-06
                 485      2.05000000E+11      1.90182700E+02      1.93000000E+02      7.88860905E-31      7.88860905E-31      1.50000000E+00      5.74868160E+08     -1.09203427E-06      5.85208064E+08     -1.11787278E-06
                 486      2.05000000E+11      1.90182700E+02      1.93000000E+02      7.88860905E-31      7.88860905E-31      1.50000000E+00      5.51363136E+08     -1.12403427E-06      5.53995520E+08     -1.15004730E-06
                 487      2.05000000E+11      1.90182700E+02      1.93000000E+02      7.88860905E-31      7.88860905E-31      1.50000000E+00      5.53995520E+08     -1.15004730E-06      5.57572544E+08     -1.17606044E-06
                 488      2.05000000E+11      1.90182700E+02      1.93000000E+02      7.88860905E-31      7.88860905E-31      1.50000000E+00      5.57572544E+08     -1.17606044E-06      5.62094144E+08     -1.20207358E-06
                 489      2.05000000E+11      1.90182700E+02      1.93000000E+02      7.88860905E-31      7.88860905E-31      1.50000000E+00      5.62094144E+08     -1.20207358E-06      5.67560384E+08     -1.22808660E-06
                 490      2.05000000E+11      1.90182700E+02      1.93000000E+02      7.88860905E-31      7.88860905E-31      1.50000000E+00      5.67560384E+08     -1.22808660E-06      5.73971264E+08     -1.25409974E-06
                 491      2.05000000E+11      1.90182700E+02      1.93000000E+02      7.88860905E-31      7.88860905E-31      1.50000000E+00      5.41536000E+08     -1.26054260E-06      5.40239360E+08     -1.28664658E-06
                 492      2.05000000E+11      1.90182700E+02      1.93000000E+02      7.88860905E-31      7.88860905E-31      1.50000000E+00      5.40239360E+08     -1.28664658E-06      5.39887360E+08     -1.31275056E-06
                 493      2.05000000E+11      1.90182700E+02      1.93000000E+02      7.88860905E-31      7.88860905E-31      1.50000000E+00      5.39887360E+08     -1.31275056E-06      5.40479936E+08     -1.33885442E-06
                 494      2.05000000E+11      1.90182700E+02      1.93000000E+02      7.88860905E-31      7.88860905E-31      1.50000000E+00      5.40479936E+08     -1.33885442E-06      5.42017216E+08     -1.36495839E-06
                 495      2.05000000E+11      1.90182700E+02      1.93000000E+02      7.88860905E-31      7.88860905E-31      1.50000000E+00      5.42017216E+08     -1.36495839E-06      5.44499072E+08     -1.39106226E-06
                 496      2.05000000E+11      1.90182700E+02      1.93000000E+02      7.88860905E-31      7.88860905E-31      1.50000000E+00      5.13535776E+08     -1.39315773E-06      5.08310112E+08     -1.41934902E-06
                 497      2.05000000E+11      1.90182700E+02      1.93000000E+02      7.88860905E-31      7.88860905E-31      1.50000000E+00      5.08310112E+08     -1.41934902E-06      5.04029088E+08     -1.44554019E-06
                 498      2.05000000E+11      1.90182700E+02      1.93000000E+02      7.88860905E-31      7.88860905E-31      1.50000000E+00      5.04029088E+08     -1.44554019E-06      5.00692672E+08     -1.47173148E-06
                 499      2.05000000E+11      1.90182700E+02      1.93000000E+02      7.88860905E-31      7.88860905E-31      1.50000000E+00      5.00692672E+08     -1.47173148E-06      4.98300896E+08     -1.49792265E-06
                 500      2.05000000E+11      1.90182700E+02      1.93000000E+02      7.88860905E-31      7.88860905E-31      1.50000000E+00      4.98300896E+08     -1.49792265E-06      4.96853728E+08     -1.52411394E-06
                 501      2.05000000E+11      1.90182700E+02      1.93000000E+02      7.88860905E-31      7.88860905E-31      1.50000000E+00      4.67429408E+08     -1.51966606E-06      4.58274720E+08     -1.54568272E-06
                 502      2.05000000E+11      1.90182700E+02      1.93000000E+02      7.88860905E-31      7.88860905E-31      1.50000000E+00      4.58274720E+08     -1.54568272E-06      4.50064672E+08     -1.57169927E-06
                 503      2.05000000E+11      1.90182700E+02      1.93000000E+02      7.88860905E-31      7.88860905E-31      1.50000000E+00      4.50064672E+08     -1.57169927E-06      4.42799264E+08     -1.59771594E-06
                 504      2.05000000E+11      1.90182700E+02      1.93000000E+02      7.88860905E-31      7.88860905E-31      1.50000000E+00      4.42799264E+08     -1.59771594E-06      4.36478464E+08     -1.62373260E-06
                 505      2.05000000E+11      1.90182700E+02      1.93000000E+02      7.88860905E-31      7.88860905E-31      1.50000000E+00      4.36478464E+08     -1.62373249E-06      4.31102272E+08     -1.64974915E-06
                 506      2.05000000E+11      1.90182700E+02      1.93000000E+02      7.88860905E-31      7.88860905E-31      1.50000000E+00      4.03288928E+08     -1.63327991E-06      3.63437504E+08     -1.65929646E-06
                 507      2.05000000E+11      1.90182700E+02      1.93000000E+02      7.88860905E-31      7.88860905E-31      1.50000000E+00      3.63437504E+08     -1.65929646E-06      3.24530688E+08     -1.68531312E-06
                 508      2.05000000E+11      1.90182700E+02      1.93000000E+02      7.88860905E-31      7.88860905E-31      1.50000000E+00      3.24530688E+08     -1.68531312E-06      2.86568512E+08     -1.71132967E-06
                 509      2.05000000E+11      1.90182700E+02      1.93000000E+02      7.88860905E-31      7.88860905E-31      1.50000000E+00      2.86568512E+08     -1.71132967E-06      2.49550976E+08     -1.73734634E-06
                 510      2.05000000E+11      1.90182700E+02      1.93000000E+02      7.88860905E-31      7.88860905E-31      1.50000000E+00      2.49550976E+08     -1.73734634E-06      2.13478048E+08     -1.76336289E-06
                 511      2.05000000E+11      1.90182700E+02      1.93000000E+02      7.88860905E-31      7.88860905E-31      1.50000000E+00      2.13478048E+08     -1.76336289E-06      1.78349760E+08     -1.78937955E-06
                 512      2.05000000E+11      1.90182700E+02      1.93000000E+02      7.88860905E-31      7.88860905E-31      1.50000000E+00      1.78349760E+08     -1.78937955E-06      1.44166080E+08     -1.81539610E-06
                 513      2.05000000E+11      1.90182700E+02      1.93000000E+02      7.88860905E-31      7.88860905E-31      1.50000000E+00      1.44166080E+08     -1.81539610E-06      1.10927040E+08     -1.84141277E-06
                 514      2.05000000E+11      1.90182700E+02      1.93000000E+02      7.88860905E-31      7.88860905E-31      1.50000000E+00      1.10927040E+08     -1.84141277E-06      7.86326240E+07     -1.86742932E-06
                 515      2.05000000E+11      1.90182700E+02      1.93000000E+02      7.88860905E-31      7.88860905E-31      1.50000000E+00      7.86326240E+07     -1.86742932E-06      4.72828320E+07     -1.89344598E-06
                 516      2.05000000E+11      1.90182700E+02      1.93000000E+02      7.88860905E-31      7.88860905E-31      1.50000000E+00      2.35514560E+07     -1.88200272E-06     -1.55058580E+07     -1.90810670E-06
                 517      2.05000000E+11      1.90182700E+02      1.93000000E+02      7.88860905E-31      7.88860905E-31      1.50000000E+00     -1.55058580E+07     -1.90810670E-06     -5.36185440E+07     -1.93421056E-06
                 518      2.05000000E+11      1.90182700E+02      1.93000000E+02      7.88860905E-31      7.88860905E-31      1.50000000E+00     -5.36185440E+07     -1.93421056E-06     -9.07866080E+07     -1.96031442E-06
                 519      2.05000000E+11      1.90182700E+02      1.93000000E+02      7.88860905E-31      7.88860905E-31      1.50000000E+00     -9.07866080E+07     -1.96031442E-06     -1.27010040E+08     -1.98641851E-06
                 520      2.05000000E+11      1.90182700E+02      1.93000000E+02      7.88860905E-31      7.88860905E-31      1.50000000E+00     -1.27010040E+08     -1.98641851E-06     -1.62288848E+08     -2.01252237E-06
                 521      2.05000000E+11      1.90182700E+02      1.93000000E+02      7.88860905E-31      7.88860905E-31      1.50000000E+00     -1.62288848E+08     -2.01252237E-06     -1.96623040E+08     -2.03862623E-06
                 522      2.05000000E+11      1.90182700E+02      1.93000000E+02      7.88860905E-31      7.88860905E-31      1.50000000E+00     -1.96623040E+08     -2.03862623E-06     -2.30012592E+08     -2.06473010E-06
                 523      2.05000000E+11      1.90182700E+02      1.93000000E+02      7.88860905E-31      7.88860905E-31      1.50000000E+00     -2.30012592E+08     -2.06473010E-06     -2.62457520E+08     -2.09083396E-06
                 524      2.05000000E+11      1.90182700E+02      1.93000000E+02      7.88860905E-31      7.88860905E-31      1.50000000E+00     -2.62457520E+08     -2.09083396E-06     -2.93957824E+08     -2.11693805E-06
                 525      2.05000000E+11      1.90182700E+02      1.93000000E+02      7.88860905E-31      7.88860905E-31      1.50000000E+00     -2.93957824E+08     -2.11693805E-06     -3.24513504E+08     -2.14304191E-06
                 526      2.05000000E+11      1.90182700E+02      1.93000000E+02      7.88860905E-31      7.88860905E-31      1.50000000E+00     -3.43967264E+08     -2.15239584E-06     -3.82230464E+08     -2.17884917E-06
                 527      2.05000000E+11      1.90182700E+02      1.93000000E+02      7.88860905E-31      7.88860905E-31      1.50000000E+00     -3.82230464E+08     -2.17884917E-06     -4.19549024E+08     -2.20530228E-06
                 528      2.05000000E+11      1.90182700E+02      1.93000000E+02      7.88860905E-31      7.88860905E-31      1.50000000E+00     -4.19549024E+08     -2.20530228E-06     -4.55922976E+08     -2.23175539E-06
                 529      2.05000000E+11      1.90182700E+02      1.93000000E+02      7.88860905E-31      7.88860905E-31      1.50000000E+00     -4.55922976E+08     -2.23175539E-06     -4.91352320E+08     -2.25820850E-06
                 530      2.05000000E+11      1.90182700E+02      1.93000000E+02      7.88860905E-31      7.88860905E-31      1.50000000E+00     -4.91352320E+08     -2.25820850E-06     -5.25837024E+08     -2.28466160E-06
                 531      2.05000000E+11      1.90182700E+02      1.93000000E+02      7.88860905E-31      7.88860905E-31      1.50000000E+00     -5.25837024E+08     -2.28466160E-06     -5.59377088E+08     -2.31111494E-06
                 532      2.05000000E+11      1.90182700E+02      1.93000000E+02      7.88860905E-31      7.88860905E-31      1.50000000E+00     -5.59377088E+08     -2.31111494E-06     -5.91972544E+08     -2.33756805E-06
                 533      2.05000000E+11      1.90182700E+02      1.93000000E+02      7.88860905E-31      7.88860905E-31      1.50000000E+00     -5.91972544E+08     -2.33756805E-06     -6.23623360E+08     -2.36402116E-06
                 534      2.05000000E+11      1.90182700E+02      1.93000000E+02      7.88860905E-31      7.88860905E-31      1.50000000E+00     -6.23623360E+08     -2.36402116E-06     -6.54329536E+08     -2.39047426E-06
                 535      2.05000000E+11      1.90182700E+02      1.93000000E+02      7.88860905E-31      7.88860905E-31      1.50000000E+00     -6.54329536E+08     -2.39047426E-06     -6.84091136E+08     -2.41692760E-06
                 536      2.05000000E+11      1.90182700E+02      1.93000000E+02      7.88860905E-31      7.88860905E-31      1.50000000E+00     -6.99054528E+08     -2.40891450E-06     -7.36523584E+08     -2.43523777E-06
                 537      2.05000000E+11      1.90182700E+02      1.93000000E+02      7.88860905E-31      7.88860905E-31      1.50000000E+00     -7.36523584E+08     -2.43523777E-06     -7.73048064E+08     -2.46156105E-06
                 538      2.05000000E+11      1.90182700E+02      1.93000000E+02      7.88860905E-31      7.88860905E-31      1.50000000E+00     -7.73048064E+08     -2.46156105E-06     -8.08627904E+08     -2.48788433E-06
                 539      2.05000000E+11      1.90182700E+02      1.93000000E+02      7.88860905E-31      7.88860905E-31      1.50000000E+00     -8.08627904E+08     -2.48788456E-06     -8.43263104E+08     -2.51420784E-06
                 540      2.05000000E+11      1.90182700E+02      1.93000000E+02      7.88860905E-31      7.88860905E-31      1.50000000E+00     -8.43263104E+08     -2.51420784E-06     -8.76953728E+08     -2.54053111E-06
                 541      2.05000000E+11      1.90182700E+02      1.93000000E+02      7.88860905E-31      7.88860905E-31      1.50000000E+00     -8.76953728E+08     -2.54053111E-06     -9.09699648E+08     -2.56685439E-06
                 542      2.05000000E+11      1.90182700E+02      1.93000000E+02      7.88860905E-31      7.88860905E-31      1.50000000E+00     -9.09699648E+08     -2.56685439E-06     -9.41500992E+08     -2.59317767E-06
                 543      2.05000000E+11      1.90182700E+02      1.93000000E+02      7.88860905E-31      7.88860905E-31      1.50000000E+00     -9.41500992E+08     -2.59317767E-06     -9.72357696E+08     -2.61950117E-06
                 544      2.05000000E+11      1.90182700E+02      1.93000000E+02      7.88860905E-31      7.88860905E-31      1.50000000E+00     -9.72357696E+08     -2.61950117E-06     -1.00226982E+09     -2.64582445E-06
                 545      2.05000000E+11      1.90182700E+02      1.93000000E+02      7.88860905E-31      7.88860905E-31      1.50000000E+00     -1.00226982E+09     -2.64582445E-06     -1.03123725E+09     -2.67214773E-06
                 546      2.05000000E+11      1.90182700E+02      1.93000000E+02      7.88860905E-31      7.88860905E-31      1.50000000E+00     -1.04147789E+09     -2.67228461E-06     -1.07815283E+09     -2.69817133E-06
                 547      2.05000000E+11      1.90182700E+02      1.93000000E+02      7.88860905E-31      7.88860905E-31      1.50000000E+00     -1.07815283E+09     -2.69817133E-06     -1.11388326E+09     -2.72405828E-06
                 548      2.05000000E+11      1.90182700E+02      1.93000000E+02      7.88860905E-31      7.88860905E-31      1.50000000E+00     -1.11388326E+09     -2.72405805E-06     -1.14866893E+09     -2.74994477E-06
                 549      2.05000000E+11      1.90182700E+02      1.93000000E+02      7.88860905E-31      7.88860905E-31      1.50000000E+00     -1.14866893E+09     -2.74994477E-06     -1.18251008E+09     -2.77583172E-06
                 550      2.05000000E+11      1.90182700E+02      1.93000000E+02      7.88860905E-31      7.88860905E-31      1.50000000E+00     -1.18251008E+09     -2.77583172E-06     -1.21540646E+09     -2.80171844E-06
                 551      2.05000000E+11      1.90182700E+02      1.93000000E+02      7.88860905E-31      7.88860905E-31      1.50000000E+00     -1.21540646E+09     -2.80171844E-06     -1.24735834E+09     -2.82760516E-06
                 552      2.05000000E+11      1.90182700E+02      1.93000000E+02      7.88860905E-31      7.88860905E-31      1.50000000E+00     -1.24735834E+09     -2.82760516E-06     -1.27836557E+09     -2.85349188E-06
                 553      2.05000000E+11      1.90182700E+02      1.93000000E+02      7.88860905E-31      7.88860905E-31      1.50000000E+00     -1.27836557E+09     -2.85349188E-06     -1.30842816E+09     -2.87937860E-06
                 554      2.05000000E+11      1.90182700E+02      1.93000000E+02      7.88860905E-31      7.88860905E-31      1.50000000E+00     -1.30842816E+09     -2.87937883E-06     -1.33754611E+09     -2.90526555E-06
                 555      2.05000000E+11      1.90182700E+02      1.93000000E+02      7.88860905E-31      7.88860905E-31      1.50000000E+00     -1.33754611E+09     -2.90526555E-06     -1.36571955E+09     -2.93115227E-06
                 556      2.05000000E+11      1.90182700E+02      1.93000000E+02      7.88860905E-31      7.88860905E-31      1.50000000E+00     -1.36571955E+09     -2.93115227E-06     -1.39294822E+09     -2.95703899E-06
                 557      2.05000000E+11      1.90182700E+02      1.93000000E+02      7.88860905E-31      7.88860905E-31      1.50000000E+00     -1.39294822E+09     -2.95703899E-06     -1.41923238E+09     -2.98292571E-06
                 558      2.05000000E+11      1.90182700E+02      1.93000000E+02      7.88860905E-31      7.88860905E-31      1.50000000E+00     -1.41923238E+09     -2.98292571E-06     -1.44457178E+09     -3.00881243E-06
                 559      2.05000000E+11      1.90182700E+02      1.93000000E+02      7.88860905E-31      7.88860905E-31      1.50000000E+00     -1.44457178E+09     -3.00881243E-06     -1.46896666E+09     -3.03469915E-06
                 560      2.05000000E+11      1.90182700E+02      1.93000000E+02      7.88860905E-31      7.88860905E-31      1.50000000E+00     -1.46896666E+09     -3.03469915E-06     -1.49241690E+09     -3.06058610E-06
                 561      2.05000000E+11      1.90182700E+02      1.93000000E+02      7.88860905E-31      7.88860905E-31      1.50000000E+00     -1.49241690E+09     -3.06058587E-06     -1.51492250E+09     -3.08647259E-06
                 562      2.05000000E+11      1.90182700E+02      1.93000000E+02      7.88860905E-31      7.88860905E-31      1.50000000E+00     -1.51492250E+09     -3.08647259E-06     -1.53648346E+09     -3.11235954E-06
                 563      2.05000000E+11      1.90182700E+02      1.93000000E+02      7.88860905E-31      7.88860905E-31      1.50000000E+00     -1.53648346E+09     -3.11235931E-06     -1.55709978E+09     -3.13824626E-06
                 564      2.05000000E+11      1.90182700E+02      1.93000000E+02      7.88860905E-31      7.88860905E-31      1.50000000E+00     -1.55709978E+09     -3.13824603E-06     -1.57677146E+09     -3.16413275E-06
                 565      2.05000000E+11      1.90182700E+02      1.93000000E+02      7.88860905E-31      7.88860905E-31      1.50000000E+00     -1.57677146E+09     -3.16413275E-06     -1.59549850E+09     -3.19001947E-06
