                 816      3.60000000E+10      1.48000000E+02      1.48000000E+02      7.88860905E-31      7.88860905E-31      4.00000000E-01      3.20309632E+08     -1.52707514E-06      3.29157792E+08     -1.54340410E-06
                 817      3.60000000E+10      1.48000000E+02      1.48000000E+02      7.88860905E-31      7.88860905E-31      4.00000000E-01      3.29157792E+08     -1.54340421E-06      3.38005920E+08     -1.55974055E-06
                 818      3.60000000E+10      1.48000000E+02      1.48000000E+02      7.88860905E-31      7.88860905E-31      4.00000000E-01      3.38005920E+08     -1.55973999E-06      3.46854080E+08     -1.57607258E-06
                 819      3.60000000E+10      1.48000000E+02      1.48000000E+02      7.88860905E-31      7.88860905E-31      4.00000000E-01      3.46854080E+08     -1.57607303E-06      3.55702208E+08     -1.59240199E-06
                 820      3.60000000E+10      1.48000000E+02      1.48000000E+02      7.88860905E-31      7.88860905E-31      4.00000000E-01      3.55702208E+08     -1.59240096E-06      3.64550368E+08     -1.60873344E-06
                 821      3.60000000E+10      1.48000000E+02      1.48000000E+02      7.88860905E-31      7.88860905E-31      4.00000000E-01      3.64550368E+08     -1.88419540E-06      3.73398496E+08     -1.90146648E-06
                 822      3.60000000E+10      1.48000000E+02      1.48000000E+02      7.88860905E-31      7.88860905E-31      4.00000000E-01      3.73398496E+08     -1.90146466E-06      3.82246656E+08     -1.91873210E-06
                 823      3.60000000E+10      1.48000000E+02      1.48000000E+02      7.88860905E-31      7.88860905E-31      4.00000000E-01      3.82246656E+08     -1.91872982E-06      3.91094784E+08     -1.93599362E-06
                 824      3.60000000E+10      1.48000000E+02      1.48000000E+02      7.88860905E-31      7.88860905E-31      4.00000000E-01      3.91094784E+08     -1.93599567E-06      3.99942944E+08     -1.95325583E-06
                 825      3.60000000E+10      1.48000000E+02      1.48000000E+02      7.88860905E-31      7.88860905E-31      4.00000000E-01      3.99942944E+08     -1.95325629E-06      4.08791072E+08     -1.97052009E-06
                 826      3.60000000E+10      1.48000000E+02      1.48000000E+02      7.88860905E-31      7.88860905E-31      4.00000000E-01      4.08791072E+08     -2.02629303E-06      4.17639232E+08     -2.04509320E-06
                 827      3.60000000E+10      1.48000000E+02      1.48000000E+02      7.88860905E-31      7.88860905E-31      4.00000000E-01      4.17639232E+08     -2.04509274E-06      4.26487360E+08     -2.06389632E-06
                 828      3.60000000E+10      1.48000000E+02      1.48000000E+02      7.88860905E-31      7.88860905E-31      4.00000000E-01      4.26487360E+08     -2.06389541E-06      4.35335520E+08     -2.08268852E-06
                 829      3.60000000E+10      1.48000000E+02      1.48000000E+02      7.88860905E-31      7.88860905E-31      4.00000000E-01      4.35335520E+08     -2.08269057E-06      4.44183648E+08     -2.10149437E-06
                 830      3.60000000E+10      1.48000000E+02      1.48000000E+02      7.88860905E-31      7.88860905E-31      4.00000000E-01      4.44183648E+08     -2.10149165E-06      4.53031808E+08     -2.12029545E-06
                 831      3.60000000E+10      1.48000000E+02      1.48000000E+02      7.88860905E-31      7.88860905E-31      4.00000000E-01      1.88678096E+08     -1.14385102E-06      1.97308112E+08     -1.15683088E-06
                 832      3.60000000E+10      1.48000000E+02      1.48000000E+02      7.88860905E-31      7.88860905E-31      4.00000000E-01      1.97308112E+08     -1.15683429E-06      2.05938144E+08     -1.16981425E-06
                 833      3.60000000E+10      1.48000000E+02      1.48000000E+02      7.88860905E-31      7.88860905E-31      4.00000000E-01      2.05938144E+08     -1.16981198E-06      2.14568160E+08     -1.18279570E-06
                 834      3.60000000E+10      1.48000000E+02      1.48000000E+02      7.88860905E-31      7.88860905E-31      4.00000000E-01      2.14568160E+08     -1.18279331E-06      2.23198176E+08     -1.19577328E-06
                 835      3.60000000E+10      1.48000000E+02      1.48000000E+02      7.88860905E-31      7.88860905E-31      4.00000000E-01      2.23198176E+08     -1.19577271E-06      2.31828192E+08     -1.20875654E-06
                 836      3.60000000E+10      1.48000000E+02      1.48000000E+02      7.88860905E-31      7.88860905E-31      4.00000000E-01      2.31828192E+08     -1.26452846E-06      2.40676336E+08     -1.27895578E-06
                 837      3.60000000E+10      1.48000000E+02      1.48000000E+02      7.88860905E-31      7.88860905E-31      4.00000000E-01      2.40676336E+08     -1.27895294E-06      2.49524480E+08     -1.29338014E-06
                 838      3.60000000E+10      1.48000000E+02      1.48000000E+02      7.88860905E-31      7.88860905E-31      4.00000000E-01      2.49524480E+08     -1.29338082E-06      2.58372624E+08     -1.30779642E-06
                 839      3.60000000E+10      1.48000000E+02      1.48000000E+02      7.88860905E-31      7.88860905E-31      4.00000000E-01      2.58372624E+08     -1.30780097E-06      2.67220768E+08     -1.32222453E-06
                 840      3.60000000E+10      1.48000000E+02      1.48000000E+02      7.88860905E-31      7.88860905E-31      4.00000000E-01      2.67220768E+08     -1.32222567E-06      2.76068928E+08     -1.33664150E-06
                 841      3.60000000E+10      1.48000000E+02      1.48000000E+02      7.88860905E-31      7.88860905E-31      4.00000000E-01      2.76068928E+08     -1.39220833E-06      2.84917056E+08     -1.40812563E-06
                 842      3.60000000E+10      1.48000000E+02      1.48000000E+02      7.88860905E-31      7.88860905E-31      4.00000000E-01      2.84917056E+08     -1.40812563E-06      2.93765216E+08     -1.42403530E-06
                 843      3.60000000E+10      1.48000000E+02      1.48000000E+02      7.88860905E-31      7.88860905E-31      4.00000000E-01      2.93765216E+08     -1.42403530E-06      3.02613344E+08     -1.43995271E-06
                 844      3.60000000E+10      1.48000000E+02      1.48000000E+02      7.88860905E-31      7.88860905E-31      4.00000000E-01      3.02613344E+08     -1.43995044E-06      3.11461504E+08     -1.45586409E-06
                 845      3.60000000E+10      1.48000000E+02      1.48000000E+02      7.88860905E-31      7.88860905E-31      4.00000000E-01      3.11461504E+08     -1.45586512E-06      3.20309632E+08     -1.47178241E-06
                 846      3.60000000E+10      1.48000000E+02      1.48000000E+02      7.88860905E-31      7.88860905E-31      9.81411738E+00     -8.60402240E+07     -1.24975795E+09     -8.62983760E+07     -1.01014938E+09
                 847      3.60000000E+10      1.48000000E+02      1.48000000E+02      7.88860905E-31      7.88860905E-31      9.81411738E+00     -8.62983760E+07     -1.01014938E+09     -6.18249520E+07     -7.70540864E+08
                 848      3.60000000E+10      1.48000000E+02      1.48000000E+02      7.88860905E-31      7.88860905E-31      9.81411738E+00     -6.18249520E+07     -7.70540864E+08     -1.26199480E+07     -5.30932352E+08
                 849      3.60000000E+10      1.48000000E+02      1.48000000E+02      7.88860905E-31      7.88860905E-31      9.81411738E+00     -1.26199480E+07     -5.30932352E+08      6.13166360E+07     -2.91323808E+08
                 850      3.60000000E+10      1.48000000E+02      1.48000000E+02      7.88860905E-31      7.88860905E-31      9.81411738E+00      6.13166360E+07     -2.91323808E+08      1.59984800E+08     -5.17153000E+07
                 851      3.60000000E+10      1.48000000E+02      1.48000000E+02      7.88860905E-31      7.88860905E-31      9.81411738E+00     -8.60402240E+07      1.24975795E+09     -8.62983760E+07      1.01014938E+09
                 852      3.60000000E+10      1.48000000E+02      1.48000000E+02      7.88860905E-31      7.88860905E-31      9.81411738E+00     -8.62983760E+07      1.01014938E+09     -6.18249520E+07      7.70540864E+08
                 853      3.60000000E+10      1.48000000E+02      1.48000000E+02      7.88860905E-31      7.88860905E-31      9.81411738E+00     -6.18249520E+07      7.70540864E+08     -1.26199480E+07      5.30932352E+08
                 854      3.60000000E+10      1.48000000E+02      1.48000000E+02      7.88860905E-31      7.88860905E-31      9.81411738E+00     -1.26199480E+07      5.30932352E+08      6.13166360E+07      2.91323808E+08
                 855      3.60000000E+10      1.48000000E+02      1.48000000E+02      7.88860905E-31      7.88860905E-31      9.81411738E+00      6.13166360E+07      2.91323808E+08      1.59984800E+08      5.17153000E+07
                 856      3.60000000E+10      1.48000000E+02      1.48000000E+02      7.88860905E-31      7.88860905E-31      4.70000000E+00      2.99296544E+08     -1.16916299E-05      6.97985600E+07     -1.20589721E-05
                 857      3.60000000E+10      1.48000000E+02      1.48000000E+02      7.88860905E-31      7.88860905E-31      4.70000000E+00      6.97985600E+07     -1.20589721E-05     -1.59699424E+08     -1.24263152E-05
                 858      3.60000000E+10      1.48000000E+02      1.48000000E+02      7.88860905E-31      7.88860905E-31      4.70000000E+00     -1.59699424E+08     -1.24263152E-05     -3.89197408E+08     -1.27936582E-05
                 859      3.60000000E+10      1.48000000E+02      1.48000000E+02      7.88860905E-31      7.88860905E-31      4.70000000E+00     -3.89197408E+08     -1.27936582E-05     -6.18695360E+08     -1.31610004E-05
                 860      3.60000000E+10      1.48000000E+02      1.48000000E+02      7.88860905E-31      7.88860905E-31      4.70000000E+00     -6.18695360E+08     -1.31610004E-05     -8.48193344E+08     -1.35283435E-05
                 861      3.60000000E+10      1.48000000E+02      1.48000000E+02      7.88860905E-31      7.88860905E-31      1.92000000E+00      4.53031808E+08     -2.16869626E-06      4.95502880E+08     -2.26229054E-06
                 862      3.60000000E+10      1.48000000E+02      1.48000000E+02      7.88860905E-31      7.88860905E-31      1.92000000E+00      4.95502880E+08     -2.26228963E-06      5.37973952E+08     -2.35588368E-06
                 863      3.60000000E+10      1.48000000E+02      1.48000000E+02      7.88860905E-31      7.88860905E-31      1.92000000E+00      5.37973952E+08     -2.35588413E-06      5.80445056E+08     -2.44947660E-06
                 864      3.60000000E+10      1.48000000E+02      1.48000000E+02      7.88860905E-31      7.88860905E-31      1.92000000E+00      5.80445056E+08     -2.44947773E-06      6.22916160E+08     -2.54306951E-06
                 865      3.60000000E+10      1.48000000E+02      1.48000000E+02      7.88860905E-31      7.88860905E-31      1.92000000E+00      6.22916160E+08     -2.54306929E-06      6.65387264E+08     -2.63666334E-06
                 866      3.60000000E+10      1.48000000E+02      1.48000000E+02      7.88860905E-31      7.88860905E-31      1.68033598E+01      7.28184800E+07     -3.04469984E+08     -1.00404310E+07     -4.90318176E+08
                 867      3.60000000E+10      1.48000000E+02      1.48000000E+02      7.88860905E-31      7.88860905E-31      1.68033598E+01     -1.00404310E+07     -4.90318176E+08     -5.05548720E+07     -6.76166336E+08
                 868      3.60000000E+10      1.48000000E+02      1.48000000E+02      7.88860905E-31      7.88860905E-31      1.68033598E+01     -5.05548720E+07     -6.76166336E+08     -4.87248360E+07     -8.62014528E+08
                 869      3.60000000E+10      1.48000000E+02      1.48000000E+02      7.88860905E-31      7.88860905E-31      1.68033598E+01     -4.87248360E+07     -8.62014528E+08     -4.55032550E+06     -1.04786272E+09
                 870      3.60000000E+10      1.48000000E+02      1.48000000E+02      7.88860905E-31      7.88860905E-31      1.68033598E+01     -4.55032550E+06     -1.04786272E+09      8.19686560E+07     -1.23371085E+09
                 871      3.60000000E+10      1.48000000E+02      1.48000000E+02      7.88860905E-31      7.88860905E-31      1.68033598E+01      7.28184800E+07      3.04469984E+08     -1.00404310E+07      4.90318176E+08
                 872      3.60000000E+10      1.48000000E+02      1.48000000E+02      7.88860905E-31      7.88860905E-31      1.68033598E+01     -1.00404310E+07      4.90318176E+08     -5.05548720E+07      6.76166336E+08
                 873      3.60000000E+10      1.48000000E+02      1.48000000E+02      7.88860905E-31      7.88860905E-31      1.68033598E+01     -5.05548720E+07      6.76166336E+08     -4.87248360E+07      8.62014528E+08
                 874      3.60000000E+10      1.48000000E+02      1.48000000E+02      7.88860905E-31      7.88860905E-31      1.68033598E+01     -4.87248360E+07      8.62014528E+08     -4.55032550E+06      1.04786272E+09
                 875      3.60000000E+10      1.48000000E+02      1.48000000E+02      7.88860905E-31      7.88860905E-31      1.68033598E+01     -4.55032550E+06      1.04786272E+09      8.19686560E+07      1.23371085E+09
                 876      3.60000000E+10      1.48000000E+02      1.48000000E+02      7.88860905E-31      7.88860905E-31      4.00000000E-01      1.47663840E+08     -8.22183665E-07      1.55866688E+08     -8.32327032E-07
                 877      3.60000000E+10      1.48000000E+02      1.48000000E+02      7.88860905E-31      7.88860905E-31      4.00000000E-01      1.55866688E+08     -8.32327032E-07      1.64069536E+08     -8.42470342E-07
                 878      3.60000000E+10      1.48000000E+02      1.48000000E+02      7.88860905E-31      7.88860905E-31      4.00000000E-01      1.64069536E+08     -8.42472048E-07      1.72272400E+08     -8.52615301E-07
                 879      3.60000000E+10      1.48000000E+02      1.48000000E+02      7.88860905E-31      7.88860905E-31      4.00000000E-01      1.72272400E+08     -8.52614676E-07      1.80475248E+08     -8.62762022E-07
                 880      3.60000000E+10      1.48000000E+02      1.48000000E+02      7.88860905E-31      7.88860905E-31      4.00000000E-01      1.80475248E+08     -8.62763272E-07      1.88678096E+08     -8.72894361E-07
                 881      3.60000000E+10      1.48000000E+02      1.48000000E+02      7.88860905E-31      7.88860905E-31      2.73000000E+00     -3.92940160E+07      5.12804850E+06     -4.07568480E+07     -9.17183120E+07
                 882      3.60000000E+10      1.48000000E+02      1.48000000E+02      7.88860905E-31      7.88860905E-31      2.73000000E+00     -4.07568480E+07     -9.17183120E+07     -3.77479360E+07     -1.88564672E+08
                 883      3.60000000E+10      1.48000000E+02      1.48000000E+02      7.88860905E-31      7.88860905E-31      2.73000000E+00     -3.77479360E+07     -1.88564672E+08     -3.02672820E+07     -2.85411040E+08
                 884      3.60000000E+10      1.48000000E+02      1.48000000E+02      7.88860905E-31      7.88860905E-31      2.73000000E+00     -3.02672820E+07     -2.85411040E+08     -1.83148880E+07     -3.82257408E+08
                 885      3.60000000E+10      1.48000000E+02      1.48000000E+02      7.88860905E-31      7.88860905E-31      2.73000000E+00     -1.83148880E+07     -3.82257408E+08     -1.89075262E+06     -4.79103776E+08
                 886      3.60000000E+10      1.48000000E+02      1.48000000E+02      7.88860905E-31      7.88860905E-31      1.04000000E+00      4.79652699E-05     -8.85614932E-13     -4.06288882E-06      4.47773632E-12
                 887      3.60000000E+10      1.48000000E+02      1.48000000E+02      7.88860905E-31      7.88860905E-31      1.04000000E+00      1.01490868E-05      2.91756376E-12     -3.78769073E-05      2.19334845E-13
                 888      3.60000000E+10      1.48000000E+02      1.48000000E+02      7.88860905E-31      7.88860905E-31      1.04000000E+00     -1.18406006E-05      1.78364539E-12      4.41897246E-05      1.66777063E-12
                 889      3.60000000E+10      1.48000000E+02      1.48000000E+02      7.88860905E-31      7.88860905E-31      1.04000000E+00     -1.43778725E-05      1.65121692E-12      5.36589505E-05      1.46912820E-12
                 890      3.60000000E+10      1.48000000E+02      1.48000000E+02      7.88860905E-31      7.88860905E-31      1.04000000E+00      4.79652699E-05     -4.80052955E-13     -4.06288882E-06      4.51912032E-12
                 891      3.60000000E+10      1.48000000E+02      1.48000000E+02      7.88860905E-31      7.88860905E-31      1.40000000E+00      2.53727171E-06      3.20949755E-12     -9.46922682E-06      5.54591355E-12
                 892      3.60000000E+10      1.48000000E+02      1.48000000E+02      7.88860905E-31      7.88860905E-31      1.40000000E+00     -2.94800575E-05      5.18008032E-12      2.25481017E-05      4.94643866E-12
                 893      3.60000000E+10      1.48000000E+02      1.48000000E+02      7.88860905E-31      7.88860905E-31      1.40000000E+00      3.70918715E-05      3.89812575E-12     -5.09557831E-05      3.60299919E-12
                 894      3.60000000E+10      1.48000000E+02      1.48000000E+02      7.88860905E-31      7.88860905E-31      1.40000000E+00      4.96567845E-05      2.60080000E-12     -1.03757066E-05      2.28107962E-12
                 895      3.60000000E+10      1.48000000E+02      1.48000000E+02      7.88860905E-31      7.88860905E-31      1.40000000E+00     -3.87833861E-05      1.26043490E-12      5.72686004E-05      9.40714737E-13
                 896      3.60000000E+10      1.48000000E+02      1.48000000E+02      7.88860905E-31      7.88860905E-31      1.47000000E+00     -3.90294160E+07      5.12804850E+06     -3.63895400E+07      5.72760920E+07
                 897      3.60000000E+10      1.48000000E+02      1.48000000E+02      7.88860905E-31      7.88860905E-31      1.47000000E+00     -3.63895400E+07      5.72760920E+07     -3.24531220E+07      1.09424136E+08
                 898      3.60000000E+10      1.48000000E+02      1.48000000E+02      7.88860905E-31      7.88860905E-31      1.47000000E+00     -3.24531220E+07      1.09424136E+08     -2.72201640E+07      1.61572176E+08
                 899      3.60000000E+10      1.48000000E+02      1.48000000E+02      7.88860905E-31      7.88860905E-31      1.47000000E+00     -2.72201640E+07      1.61572176E+08     -2.06906660E+07      2.13720224E+08
                 900      3.60000000E+10      1.48000000E+02      1.48000000E+02      7.88860905E-31      7.88860905E-31      1.47000000E+00     -2.06906660E+07      2.13720224E+08     -1.28646290E+07      2.65868256E+08
                 901      3.60000000E+10      1.48000000E+02      1.48000000E+02      7.88860905E-31      7.88860905E-31      2.73000000E+00     -1.89075262E+06     -4.79103776E+08     -1.83148880E+07     -3.82257408E+08
                 902      3.60000000E+10      1.48000000E+02      1.48000000E+02      7.88860905E-31      7.88860905E-31      2.73000000E+00     -1.83148880E+07     -3.82257408E+08     -3.02672820E+07     -2.85411040E+08
                 903      3.60000000E+10      1.48000000E+02      1.48000000E+02      7.88860905E-31      7.88860905E-31      2.73000000E+00     -3.02672820E+07     -2.85411040E+08     -3.77479360E+07     -1.88564672E+08
                 904      3.60000000E+10      1.48000000E+02      1.48000000E+02      7.88860905E-31      7.88860905E-31      2.73000000E+00     -3.77479360E+07     -1.88564672E+08     -4.07568480E+07     -9.17183120E+07
                 905      3.60000000E+10      1.48000000E+02      1.48000000E+02      7.88860905E-31      7.88860905E-31      2.73000000E+00     -4.07568480E+07     -9.17183120E+07     -3.92940160E+07      5.12804850E+06
                 906      3.60000000E+10      1.48000000E+02      1.48000000E+02      7.88860905E-31      7.88860905E-31      1.47000000E+00     -1.28646290E+07      2.65868256E+08     -2.06906660E+07      2.13720224E+08
                 907      3.60000000E+10      1.48000000E+02      1.48000000E+02      7.88860905E-31      7.88860905E-31      1.47000000E+00     -2.06906660E+07      2.13720224E+08     -2.72201640E+07      1.61572176E+08
                 908      3.60000000E+10      1.48000000E+02      1.48000000E+02      7.88860905E-31      7.88860905E-31      1.47000000E+00     -2.72201640E+07      1.61572176E+08     -3.24531220E+07      1.09424136E+08
                 909      3.60000000E+10      1.48000000E+02      1.48000000E+02      7.88860905E-31      7.88860905E-31      1.47000000E+00     -3.24531220E+07      1.09424136E+08     -3.63895400E+07      5.72760920E+07
                 910      3.60000000E+10      1.48000000E+02      1.48000000E+02      7.88860905E-31      7.88860905E-31      1.47000000E+00     -3.63895400E+07      5.72760920E+07     -3.90294160E+07      5.12804850E+06
                 911      3.60000000E+10      1.48000000E+02      1.48000000E+02      7.88860905E-31      7.88860905E-31      4.00000000E-01      4.72732760E+07     -5.29597912E-07      5.30217920E+07     -5.36634445E-07
                 912      3.60000000E+10      1.48000000E+02      1.48000000E+02      7.88860905E-31      7.88860905E-31      4.00000000E-01      5.30217920E+07     -5.36632967E-07      5.87703040E+07     -5.43660576E-07
                 913      3.60000000E+10      1.48000000E+02      1.48000000E+02      7.88860905E-31      7.88860905E-31      4.00000000E-01      5.87703040E+07     -5.43660576E-07      6.45188200E+07     -5.50688014E-07
                 914      3.60000000E+10      1.48000000E+02      1.48000000E+02      7.88860905E-31      7.88860905E-31      4.00000000E-01      6.45188200E+07     -5.50689435E-07      7.02673360E+07     -5.57708233E-07
                 915      3.60000000E+10      1.48000000E+02      1.48000000E+02      7.88860905E-31      7.88860905E-31      4.00000000E-01      7.02673360E+07     -5.57713463E-07      7.60158480E+07     -5.64741129E-07
                 916      3.60000000E+10      1.48000000E+02      1.48000000E+02      7.88860905E-31      7.88860905E-31      4.00000000E-01      7.60158480E+07     -6.21356435E-07      8.27703760E+07     -6.30013858E-07
                 917      3.60000000E+10      1.48000000E+02      1.48000000E+02      7.88860905E-31      7.88860905E-31      4.00000000E-01      8.27703760E+07     -6.30010163E-07      8.95248960E+07     -6.38667586E-07
                 918      3.60000000E+10      1.48000000E+02      1.48000000E+02      7.88860905E-31      7.88860905E-31      4.00000000E-01      8.95248960E+07     -6.38669064E-07      9.62794240E+07     -6.47317847E-07
                 919      3.60000000E+10      1.48000000E+02      1.48000000E+02      7.88860905E-31      7.88860905E-31      4.00000000E-01      9.62794240E+07     -6.47319723E-07      1.03033944E+08     -6.55985957E-07
                 920      3.60000000E+10      1.48000000E+02      1.48000000E+02      7.88860905E-31      7.88860905E-31      4.00000000E-01      1.03033944E+08     -6.55984536E-07      1.09788472E+08     -6.64642243E-07
                 921      3.60000000E+10      1.48000000E+02      1.48000000E+02      7.88860905E-31      7.88860905E-31      4.00000000E-01      1.09788472E+08     -7.22463369E-07      1.17363544E+08     -7.31159105E-07
                 922      3.60000000E+10      1.48000000E+02      1.48000000E+02      7.88860905E-31      7.88860905E-31      4.00000000E-01      1.17363544E+08     -7.31167290E-07      1.24938616E+08     -7.39854556E-07
                 923      3.60000000E+10      1.48000000E+02      1.48000000E+02      7.88860905E-31      7.88860905E-31      4.00000000E-01      1.24938616E+08     -7.39860184E-07      1.32513696E+08     -7.48560240E-07
                 924      3.60000000E+10      1.48000000E+02      1.48000000E+02      7.88860905E-31      7.88860905E-31      4.00000000E-01      1.32513696E+08     -7.48559103E-07      1.40088768E+08     -7.57254782E-07
                 925      3.60000000E+10      1.48000000E+02      1.48000000E+02      7.88860905E-31      7.88860905E-31      4.00000000E-01      1.40088768E+08     -7.57256601E-07      1.47663840E+08     -7.65960579E-07
                 926      3.60000000E+10      1.48000000E+02      1.48000000E+02      7.88860905E-31      7.88860905E-31      4.00000000E-01      5.30941288E-05     -5.86827262E-08      1.68381275E+06     -6.02756032E-08
                 927      3.60000000E+10      1.48000000E+02      1.48000000E+02      7.88860905E-31      7.88860905E-31      4.00000000E-01      1.68381275E+06     -6.02685333E-08      3.36762550E+06     -6.18611935E-08
                 928      3.60000000E+10      1.48000000E+02      1.48000000E+02      7.88860905E-31      7.88860905E-31      4.00000000E-01      3.36762550E+06     -6.18571150E-08      5.05143850E+06     -6.34311377E-08
                 929      3.60000000E+10      1.48000000E+02      1.48000000E+02      7.88860905E-31      7.88860905E-31      4.00000000E-01      5.05143850E+06     -6.34351238E-08      6.73525100E+06     -6.50279972E-08
                 930      3.60000000E+10      1.48000000E+02      1.48000000E+02      7.88860905E-31      7.88860905E-31      4.00000000E-01      6.73525100E+06     -6.50210055E-08      8.41906400E+06     -6.66137936E-08
                 931      3.60000000E+10      1.48000000E+02      1.48000000E+02      7.88860905E-31      7.88860905E-31      4.00000000E-01      8.41906400E+06     -1.21667895E-07      1.16260380E+07     -1.23763570E-07
                 932      3.60000000E+10      1.48000000E+02      1.48000000E+02      7.88860905E-31      7.88860905E-31      4.00000000E-01      1.16260380E+07     -1.23764920E-07      1.48330110E+07     -1.25851258E-07
                 933      3.60000000E+10      1.48000000E+02      1.48000000E+02      7.88860905E-31      7.88860905E-31      4.00000000E-01      1.48330110E+07     -1.25851287E-07      1.80399840E+07     -1.27956042E-07
                 934      3.60000000E+10      1.48000000E+02      1.48000000E+02      7.88860905E-31      7.88860905E-31      4.00000000E-01      1.80399840E+07     -1.27949193E-07      2.12469580E+07     -1.30054261E-07
                 935      3.60000000E+10      1.48000000E+02      1.48000000E+02      7.88860905E-31      7.88860905E-31      4.00000000E-01      2.12469580E+07     -1.30052825E-07      2.44539320E+07     -1.32148458E-07
                 936      3.60000000E+10      1.48000000E+02      1.48000000E+02      7.88860905E-31      7.88860905E-31      4.00000000E-01      2.44539320E+07     -1.85734436E-07      2.90178000E+07     -1.89968361E-07
                 937      3.60000000E+10      1.48000000E+02      1.48000000E+02      7.88860905E-31      7.88860905E-31      4.00000000E-01      2.90178000E+07     -1.89968361E-07      3.35816680E+07     -1.94202016E-07
                 938      3.60000000E+10      1.48000000E+02      1.48000000E+02      7.88860905E-31      7.88860905E-31      4.00000000E-01      3.35816680E+07     -1.94202059E-07      3.81455400E+07     -1.98435643E-07
                 939      3.60000000E+10      1.48000000E+02      1.48000000E+02      7.88860905E-31      7.88860905E-31      4.00000000E-01      3.81455400E+07     -1.98435629E-07      4.27094080E+07     -2.02669256E-07
                 940      3.60000000E+10      1.48000000E+02      1.48000000E+02      7.88860905E-31      7.88860905E-31      4.00000000E-01      4.27094080E+07     -2.02669284E-07      4.72732760E+07     -2.06902868E-07
