                 691      3.60000000E+10      1.48000000E+02      1.48000000E+02      7.88860905E-31      7.88860905E-31      4.00000000E-01     -3.20309632E+08     -5.49146648E-08     -3.29157792E+08     -5.60515510E-08
                 692      3.60000000E+10      1.48000000E+02      1.48000000E+02      7.88860905E-31      7.88860905E-31      4.00000000E-01     -3.29157792E+08     -5.60515510E-08     -3.38005920E+08     -5.71888812E-08
                 693      3.60000000E+10      1.48000000E+02      1.48000000E+02      7.88860905E-31      7.88860905E-31      4.00000000E-01     -3.38005920E+08     -5.71888492E-08     -3.46854080E+08     -5.83259521E-08
                 694      3.60000000E+10      1.48000000E+02      1.48000000E+02      7.88860905E-31      7.88860905E-31      4.00000000E-01     -3.46854080E+08     -5.83259840E-08     -3.55702208E+08     -5.94628666E-08
                 695      3.60000000E+10      1.48000000E+02      1.48000000E+02      7.88860905E-31      7.88860905E-31      4.00000000E-01     -3.55702208E+08     -5.94628062E-08     -3.64550368E+08     -6.05999020E-08
                 696      3.60000000E+10      1.48000000E+02      1.48000000E+02      7.88860905E-31      7.88860905E-31      4.00000000E-01     -3.64550368E+08     -7.39144284E-08     -3.73398496E+08     -7.51450955E-08
                 697      3.60000000E+10      1.48000000E+02      1.48000000E+02      7.88860905E-31      7.88860905E-31      4.00000000E-01     -3.73398496E+08     -7.51449889E-08     -3.82246656E+08     -7.63754500E-08
                 698      3.60000000E+10      1.48000000E+02      1.48000000E+02      7.88860905E-31      7.88860905E-31      4.00000000E-01     -3.82246656E+08     -7.63753150E-08     -3.91094784E+08     -7.76055487E-08
                 699      3.60000000E+10      1.48000000E+02      1.48000000E+02      7.88860905E-31      7.88860905E-31      4.00000000E-01     -3.91094784E+08     -7.76056766E-08     -3.99942944E+08     -7.88356971E-08
                 700      3.60000000E+10      1.48000000E+02      1.48000000E+02      7.88860905E-31      7.88860905E-31      4.00000000E-01     -3.99942944E+08     -7.88357326E-08     -4.08791072E+08     -8.00659663E-08
                 701      3.60000000E+10      1.48000000E+02      1.48000000E+02      7.88860905E-31      7.88860905E-31      4.00000000E-01     -4.08791072E+08     -7.81801219E-08     -4.17639232E+08     -7.95064778E-08
                 702      3.60000000E+10      1.48000000E+02      1.48000000E+02      7.88860905E-31      7.88860905E-31      4.00000000E-01     -4.17639232E+08     -7.95064423E-08     -4.26487360E+08     -8.08330114E-08
                 703      3.60000000E+10      1.48000000E+02      1.48000000E+02      7.88860905E-31      7.88860905E-31      4.00000000E-01     -4.26487360E+08     -8.08329546E-08     -4.35335520E+08     -8.21588841E-08
                 704      3.60000000E+10      1.48000000E+02      1.48000000E+02      7.88860905E-31      7.88860905E-31      4.00000000E-01     -4.35335520E+08     -8.21590120E-08     -4.44183648E+08     -8.34855882E-08
                 705      3.60000000E+10      1.48000000E+02      1.48000000E+02      7.88860905E-31      7.88860905E-31      4.00000000E-01     -4.44183648E+08     -8.34854248E-08     -4.53031808E+08     -8.48119939E-08
                 706      3.60000000E+10      1.48000000E+02      1.48000000E+02      7.88860905E-31      7.88860905E-31      4.00000000E-01     -1.88678096E+08     -4.62496317E-08     -1.97308112E+08     -4.70547583E-08
                 707      3.60000000E+10      1.48000000E+02      1.48000000E+02      7.88860905E-31      7.88860905E-31      4.00000000E-01     -1.97308112E+08     -4.70549573E-08     -2.05938144E+08     -4.78600910E-08
                 708      3.60000000E+10      1.48000000E+02      1.48000000E+02      7.88860905E-31      7.88860905E-31      4.00000000E-01     -2.05938144E+08     -4.78599524E-08     -2.14568160E+08     -4.86653100E-08
                 709      3.60000000E+10      1.48000000E+02      1.48000000E+02      7.88860905E-31      7.88860905E-31      4.00000000E-01     -2.14568160E+08     -4.86651750E-08     -2.23198176E+08     -4.94703052E-08
                 710      3.60000000E+10      1.48000000E+02      1.48000000E+02      7.88860905E-31      7.88860905E-31      4.00000000E-01     -2.23198176E+08     -4.94702697E-08     -2.31828192E+08     -5.02756272E-08
                 711      3.60000000E+10      1.48000000E+02      1.48000000E+02      7.88860905E-31      7.88860905E-31      4.00000000E-01     -2.31828192E+08     -4.75515094E-08     -2.40676336E+08     -4.84500013E-08
                 712      3.60000000E+10      1.48000000E+02      1.48000000E+02      7.88860905E-31      7.88860905E-31      4.00000000E-01     -2.40676336E+08     -4.84498308E-08     -2.49524480E+08     -4.93483228E-08
                 713      3.60000000E+10      1.48000000E+02      1.48000000E+02      7.88860905E-31      7.88860905E-31      4.00000000E-01     -2.49524480E+08     -4.93483618E-08     -2.58372624E+08     -5.02461717E-08
                 714      3.60000000E+10      1.48000000E+02      1.48000000E+02      7.88860905E-31      7.88860905E-31      4.00000000E-01     -2.58372624E+08     -5.02464417E-08     -2.67220768E+08     -5.11447134E-08
                 715      3.60000000E+10      1.48000000E+02      1.48000000E+02      7.88860905E-31      7.88860905E-31      4.00000000E-01     -2.67220768E+08     -5.11447844E-08     -2.76068928E+08     -5.20426084E-08
                 716      3.60000000E+10      1.48000000E+02      1.48000000E+02      7.88860905E-31      7.88860905E-31      4.00000000E-01     -2.76068928E+08     -4.97447417E-08     -2.84917056E+08     -5.07423579E-08
                 717      3.60000000E+10      1.48000000E+02      1.48000000E+02      7.88860905E-31      7.88860905E-31      4.00000000E-01     -2.84917056E+08     -5.07423579E-08     -2.93765216E+08     -5.17395264E-08
                 718      3.60000000E+10      1.48000000E+02      1.48000000E+02      7.88860905E-31      7.88860905E-31      4.00000000E-01     -2.93765216E+08     -5.17395264E-08     -3.02613344E+08     -5.27371533E-08
                 719      3.60000000E+10      1.48000000E+02      1.48000000E+02      7.88860905E-31      7.88860905E-31      4.00000000E-01     -3.02613344E+08     -5.27370183E-08     -3.11461504E+08     -5.37344214E-08
                 720      3.60000000E+10      1.48000000E+02      1.48000000E+02      7.88860905E-31      7.88860905E-31      4.00000000E-01     -3.11461504E+08     -5.37344853E-08     -3.20309632E+08     -5.47321051E-08
                 721      3.60000000E+10      1.48000000E+02      1.48000000E+02      7.88860905E-31      7.88860905E-31      9.81411738E+00     -8.60402240E+07      1.24975795E+09     -8.62983760E+07      1.01014938E+09
                 722      3.60000000E+10      1.48000000E+02      1.48000000E+02      7.88860905E-31      7.88860905E-31      9.81411738E+00     -8.62983760E+07      1.01014938E+09     -6.18249520E+07      7.70540864E+08
                 723      3.60000000E+10      1.48000000E+02      1.48000000E+02      7.88860905E-31      7.88860905E-31      9.81411738E+00     -6.18249520E+07      7.70540864E+08     -1.26199480E+07      5.30932352E+08
                 724      3.60000000E+10      1.48000000E+02      1.48000000E+02      7.88860905E-31      7.88860905E-31      9.81411738E+00     -1.26199480E+07      5.30932352E+08      6.13166360E+07      2.91323808E+08
                 725      3.60000000E+10      1.48000000E+02      1.48000000E+02      7.88860905E-31      7.88860905E-31      9.81411738E+00      6.13166360E+07      2.91323808E+08      1.59984800E+08      5.17153000E+07
                 726      3.60000000E+10      1.48000000E+02      1.48000000E+02      7.88860905E-31      7.88860905E-31      9.81411738E+00     -8.60402240E+07     -1.24975795E+09     -8.62983760E+07     -1.01014938E+09
                 727      3.60000000E+10      1.48000000E+02      1.48000000E+02      7.88860905E-31      7.88860905E-31      9.81411738E+00     -8.62983760E+07     -1.01014938E+09     -6.18249520E+07     -7.70540864E+08
                 728      3.60000000E+10      1.48000000E+02      1.48000000E+02      7.88860905E-31      7.88860905E-31      9.81411738E+00     -6.18249520E+07     -7.70540864E+08     -1.26199480E+07     -5.30932352E+08
                 729      3.60000000E+10      1.48000000E+02      1.48000000E+02      7.88860905E-31      7.88860905E-31      9.81411738E+00     -1.26199480E+07     -5.30932352E+08      6.13166360E+07     -2.91323808E+08
                 730      3.60000000E+10      1.48000000E+02      1.48000000E+02      7.88860905E-31      7.88860905E-31      9.81411738E+00      6.13166360E+07     -2.91323808E+08      1.59984800E+08     -5.17153000E+07
                 731      3.60000000E+10      1.48000000E+02      1.48000000E+02      7.88860905E-31      7.88860905E-31      4.70000000E+00     -2.99296544E+08      5.19524065E-07     -6.97985600E+07      6.86886438E-07
                 732      3.60000000E+10      1.48000000E+02      1.48000000E+02      7.88860905E-31      7.88860905E-31      4.70000000E+00     -6.97985600E+07      6.86886438E-07      1.59699424E+08      8.54248810E-07
                 733      3.60000000E+10      1.48000000E+02      1.48000000E+02      7.88860905E-31      7.88860905E-31      4.70000000E+00      1.59699424E+08      8.54248810E-07      3.89197408E+08      1.02161118E-06
                 734      3.60000000E+10      1.48000000E+02      1.48000000E+02      7.88860905E-31      7.88860905E-31      4.70000000E+00      3.89197408E+08      1.02161118E-06      6.18695360E+08      1.18897356E-06
                 735      3.60000000E+10      1.48000000E+02      1.48000000E+02      7.88860905E-31      7.88860905E-31      4.70000000E+00      6.18695360E+08      1.18897356E-06      8.48193344E+08      1.35633604E-06
                 736      3.60000000E+10      1.48000000E+02      1.48000000E+02      7.88860905E-31      7.88860905E-31      1.92000000E+00     -4.53031808E+08     -8.11988414E-08     -4.95502880E+08     -8.77889264E-08
                 737      3.60000000E+10      1.48000000E+02      1.48000000E+02      7.88860905E-31      7.88860905E-31      1.92000000E+00     -4.95502880E+08     -8.77888624E-08     -5.37973952E+08     -9.43789473E-08
                 738      3.60000000E+10      1.48000000E+02      1.48000000E+02      7.88860905E-31      7.88860905E-31      1.92000000E+00     -5.37973952E+08     -9.43789686E-08     -5.80445056E+08     -1.00968947E-07
                 739      3.60000000E+10      1.48000000E+02      1.48000000E+02      7.88860905E-31      7.88860905E-31      1.92000000E+00     -5.80445056E+08     -1.00969018E-07     -6.22916160E+08     -1.07558940E-07
                 740      3.60000000E+10      1.48000000E+02      1.48000000E+02      7.88860905E-31      7.88860905E-31      1.92000000E+00     -6.22916160E+08     -1.07558925E-07     -6.65387264E+08     -1.14149003E-07
                 741      3.60000000E+10      1.48000000E+02      1.48000000E+02      7.88860905E-31      7.88860905E-31      1.68033598E+01      7.28184800E+07      3.04469984E+08     -1.00404310E+07      4.90318176E+08
                 742      3.60000000E+10      1.48000000E+02      1.48000000E+02      7.88860905E-31      7.88860905E-31      1.68033598E+01     -1.00404310E+07      4.90318176E+08     -5.05548720E+07      6.76166336E+08
                 743      3.60000000E+10      1.48000000E+02      1.48000000E+02      7.88860905E-31      7.88860905E-31      1.68033598E+01     -5.05548720E+07      6.76166336E+08     -4.87248360E+07      8.62014528E+08
                 744      3.60000000E+10      1.48000000E+02      1.48000000E+02      7.88860905E-31      7.88860905E-31      1.68033598E+01     -4.87248360E+07      8.62014528E+08     -4.55032550E+06      1.04786272E+09
                 745      3.60000000E+10      1.48000000E+02      1.48000000E+02      7.88860905E-31      7.88860905E-31      1.68033598E+01     -4.55032550E+06      1.04786272E+09      8.19686560E+07      1.23371085E+09
                 746      3.60000000E+10      1.48000000E+02      1.48000000E+02      7.88860905E-31      7.88860905E-31      1.68033598E+01      7.28184800E+07     -3.04469984E+08     -1.00404310E+07     -4.90318176E+08
                 747      3.60000000E+10      1.48000000E+02      1.48000000E+02      7.88860905E-31      7.88860905E-31      1.68033598E+01     -1.00404310E+07     -4.90318176E+08     -5.05548720E+07     -6.76166336E+08
                 748      3.60000000E+10      1.48000000E+02      1.48000000E+02      7.88860905E-31      7.88860905E-31      1.68033598E+01     -5.05548720E+07     -6.76166336E+08     -4.87248360E+07     -8.62014528E+08
                 749      3.60000000E+10      1.48000000E+02      1.48000000E+02      7.88860905E-31      7.88860905E-31      1.68033598E+01     -4.87248360E+07     -8.62014528E+08     -4.55032550E+06     -1.04786272E+09
                 750      3.60000000E+10      1.48000000E+02      1.48000000E+02      7.88860905E-31      7.88860905E-31      1.68033598E+01     -4.55032550E+06     -1.04786272E+09      8.19686560E+07     -1.23371085E+09
                 751      3.60000000E+10      1.48000000E+02      1.48000000E+02      7.88860905E-31      7.88860905E-31      4.00000000E-01     -1.47663840E+08     -2.72646083E-08     -1.55866688E+08     -2.80231820E-08
                 752      3.60000000E+10      1.48000000E+02      1.48000000E+02      7.88860905E-31      7.88860905E-31      4.00000000E-01     -1.55866688E+08     -2.80231820E-08     -1.64069536E+08     -2.87817539E-08
                 753      3.60000000E+10      1.48000000E+02      1.48000000E+02      7.88860905E-31      7.88860905E-31      4.00000000E-01     -1.64069536E+08     -2.87818516E-08     -1.72272400E+08     -2.95404234E-08
                 754      3.60000000E+10      1.48000000E+02      1.48000000E+02      7.88860905E-31      7.88860905E-31      4.00000000E-01     -1.72272400E+08     -2.95403826E-08     -1.80475248E+08     -3.02991872E-08
                 755      3.60000000E+10      1.48000000E+02      1.48000000E+02      7.88860905E-31      7.88860905E-31      4.00000000E-01     -1.80475248E+08     -3.02992547E-08     -1.88678096E+08     -3.10571266E-08
                 756      3.60000000E+10      1.48000000E+02      1.48000000E+02      7.88860905E-31      7.88860905E-31      2.73000000E+00     -3.92940160E+07     -5.12804850E+06     -4.07568480E+07      9.17183120E+07
                 757      3.60000000E+10      1.48000000E+02      1.48000000E+02      7.88860905E-31      7.88860905E-31      2.73000000E+00     -4.07568480E+07      9.17183120E+07     -3.77479360E+07      1.88564672E+08
                 758      3.60000000E+10      1.48000000E+02      1.48000000E+02      7.88860905E-31      7.88860905E-31      2.73000000E+00     -3.77479360E+07      1.88564672E+08     -3.02672820E+07      2.85411040E+08
                 759      3.60000000E+10      1.48000000E+02      1.48000000E+02      7.88860905E-31      7.88860905E-31      2.73000000E+00     -3.02672820E+07      2.85411040E+08     -1.83148880E+07      3.82257408E+08
                 760      3.60000000E+10      1.48000000E+02      1.48000000E+02      7.88860905E-31      7.88860905E-31      2.73000000E+00     -1.83148880E+07      3.82257408E+08     -1.89075262E+06      4.79103776E+08
                 761      3.60000000E+10      1.48000000E+02      1.48000000E+02      7.88860905E-31      7.88860905E-31      1.04000000E+00      3.86619395E-05     -4.48756531E-14      3.06576076E-05      2.23602305E-13
                 762      3.60000000E+10      1.48000000E+02      1.48000000E+02      7.88860905E-31      7.88860905E-31      1.04000000E+00      5.05025419E-05      1.44584960E-13     -1.35321152E-05      8.01812315E-15
                 763      3.60000000E+10      1.48000000E+02      1.48000000E+02      7.88860905E-31      7.88860905E-31      1.04000000E+00      4.45822407E-05      8.72941449E-14      8.56274710E-06      8.05692522E-14
                 764      3.60000000E+10      1.48000000E+02      1.48000000E+02      7.88860905E-31      7.88860905E-31      1.04000000E+00      1.01490868E-05      8.08279089E-14     -3.78769073E-05      7.09992232E-14
                 765      3.60000000E+10      1.48000000E+02      1.48000000E+02      7.88860905E-31      7.88860905E-31      1.04000000E+00      4.96567845E-05     -2.68995268E-14     -1.03757066E-05      2.24507573E-13
                 766      3.60000000E+10      1.48000000E+02      1.48000000E+02      7.88860905E-31      7.88860905E-31      1.40000000E+00      4.04749007E-05      1.59667893E-13     -6.35814140E-05      2.77257248E-13
                 767      3.60000000E+10      1.48000000E+02      1.48000000E+02      7.88860905E-31      7.88860905E-31      1.40000000E+00      2.69427856E-05      2.56890483E-13     -1.30788758E-05      2.44593544E-13
                 768      3.60000000E+10      1.48000000E+02      1.48000000E+02      7.88860905E-31      7.88860905E-31      1.40000000E+00      3.20173276E-05      1.89641651E-13     -3.20173276E-05      1.73501933E-13
                 769      3.60000000E+10      1.48000000E+02      1.48000000E+02      7.88860905E-31      7.88860905E-31      1.40000000E+00      2.44055136E-05      1.20759658E-13     -3.60964873E-06      1.03467101E-13
                 770      3.60000000E+10      1.48000000E+02      1.48000000E+02      7.88860905E-31      7.88860905E-31      1.40000000E+00      4.22878611E-06      5.03405436E-14     -1.57820450E-05      3.34322685E-14
                 771      3.60000000E+10      1.48000000E+02      1.48000000E+02      7.88860905E-31      7.88860905E-31      1.47000000E+00     -3.90294160E+07     -5.12804850E+06     -3.63895400E+07     -5.72760920E+07
                 772      3.60000000E+10      1.48000000E+02      1.48000000E+02      7.88860905E-31      7.88860905E-31      1.47000000E+00     -3.63895400E+07     -5.72760920E+07     -3.24531220E+07     -1.09424136E+08
                 773      3.60000000E+10      1.48000000E+02      1.48000000E+02      7.88860905E-31      7.88860905E-31      1.47000000E+00     -3.24531220E+07     -1.09424136E+08     -2.72201640E+07     -1.61572176E+08
                 774      3.60000000E+10      1.48000000E+02      1.48000000E+02      7.88860905E-31      7.88860905E-31      1.47000000E+00     -2.72201640E+07     -1.61572176E+08     -2.06906660E+07     -2.13720224E+08
                 775      3.60000000E+10      1.48000000E+02      1.48000000E+02      7.88860905E-31      7.88860905E-31      1.47000000E+00     -2.06906660E+07     -2.13720224E+08     -1.28646280E+07     -2.65868256E+08
                 776      3.60000000E+10      1.48000000E+02      1.48000000E+02      7.88860905E-31      7.88860905E-31      2.73000000E+00     -1.89075262E+06      4.79103776E+08     -1.83148880E+07      3.82257408E+08
                 777      3.60000000E+10      1.48000000E+02      1.48000000E+02      7.88860905E-31      7.88860905E-31      2.73000000E+00     -1.83148880E+07      3.82257408E+08     -3.02672820E+07      2.85411040E+08
                 778      3.60000000E+10      1.48000000E+02      1.48000000E+02      7.88860905E-31      7.88860905E-31      2.73000000E+00     -3.02672820E+07      2.85411040E+08     -3.77479360E+07      1.88564672E+08
                 779      3.60000000E+10      1.48000000E+02      1.48000000E+02      7.88860905E-31      7.88860905E-31      2.73000000E+00     -3.77479360E+07      1.88564672E+08     -4.07568480E+07      9.17183120E+07
                 780      3.60000000E+10      1.48000000E+02      1.48000000E+02      7.88860905E-31      7.88860905E-31      2.73000000E+00     -4.07568480E+07      9.17183120E+07     -3.92940160E+07     -5.12804850E+06
                 781      3.60000000E+10      1.48000000E+02      1.48000000E+02      7.88860905E-31      7.88860905E-31      1.47000000E+00     -1.28646280E+07     -2.65868256E+08     -2.06906660E+07     -2.13720224E+08
                 782      3.60000000E+10      1.48000000E+02      1.48000000E+02      7.88860905E-31      7.88860905E-31      1.47000000E+00     -2.06906660E+07     -2.13720224E+08     -2.72201640E+07     -1.61572176E+08
                 783      3.60000000E+10      1.48000000E+02      1.48000000E+02      7.88860905E-31      7.88860905E-31      1.47000000E+00     -2.72201640E+07     -1.61572176E+08     -3.24531220E+07     -1.09424136E+08
                 784      3.60000000E+10      1.48000000E+02      1.48000000E+02      7.88860905E-31      7.88860905E-31      1.47000000E+00     -3.24531220E+07     -1.09424136E+08     -3.63895400E+07     -5.72760920E+07
                 785      3.60000000E+10      1.48000000E+02      1.48000000E+02      7.88860905E-31      7.88860905E-31      1.47000000E+00     -3.63895400E+07     -5.72760920E+07     -3.90294160E+07     -5.12804850E+06
                 786      3.60000000E+10      1.48000000E+02      1.48000000E+02      7.88860905E-31      7.88860905E-31      4.00000000E-01     -4.72732760E+07     -1.97109475E-08     -5.30217920E+07     -2.02371577E-08
                 787      3.60000000E+10      1.48000000E+02      1.48000000E+02      7.88860905E-31      7.88860905E-31      4.00000000E-01     -5.30217920E+07     -2.02370796E-08     -5.87703040E+07     -2.07628048E-08
                 788      3.60000000E+10      1.48000000E+02      1.48000000E+02      7.88860905E-31      7.88860905E-31      4.00000000E-01     -5.87703040E+07     -2.07628030E-08     -6.45188200E+07     -2.12885247E-08
                 789      3.60000000E+10      1.48000000E+02      1.48000000E+02      7.88860905E-31      7.88860905E-31      4.00000000E-01     -6.45188200E+07     -2.12885993E-08     -7.02673360E+07     -2.18138450E-08
                 790      3.60000000E+10      1.48000000E+02      1.48000000E+02      7.88860905E-31      7.88860905E-31      4.00000000E-01     -7.02673360E+07     -2.18141309E-08     -7.60158480E+07     -2.23398597E-08
                 791      3.60000000E+10      1.48000000E+02      1.48000000E+02      7.88860905E-31      7.88860905E-31      4.00000000E-01     -7.60158480E+07     -2.13095479E-08     -8.27703760E+07     -2.19284129E-08
                 792      3.60000000E+10      1.48000000E+02      1.48000000E+02      7.88860905E-31      7.88860905E-31      4.00000000E-01     -8.27703760E+07     -2.19282068E-08     -8.95248960E+07     -2.25470718E-08
                 793      3.60000000E+10      1.48000000E+02      1.48000000E+02      7.88860905E-31      7.88860905E-31      4.00000000E-01     -8.95248960E+07     -2.25471499E-08     -9.62794240E+07     -2.31655459E-08
                 794      3.60000000E+10      1.48000000E+02      1.48000000E+02      7.88860905E-31      7.88860905E-31      4.00000000E-01     -9.62794240E+07     -2.31656490E-08     -1.03033944E+08     -2.37850024E-08
                 795      3.60000000E+10      1.48000000E+02      1.48000000E+02      7.88860905E-31      7.88860905E-31      4.00000000E-01     -1.03033944E+08     -2.37849243E-08     -1.09788472E+08     -2.44038052E-08
                 796      3.60000000E+10      1.48000000E+02      1.48000000E+02      7.88860905E-31      7.88860905E-31      4.00000000E-01     -1.09788472E+08     -2.16299512E-08     -1.17363544E+08     -2.23417320E-08
                 797      3.60000000E+10      1.48000000E+02      1.48000000E+02      7.88860905E-31      7.88860905E-31      4.00000000E-01     -1.17363544E+08     -2.23421903E-08     -1.24938616E+08     -2.30534933E-08
                 798      3.60000000E+10      1.48000000E+02      1.48000000E+02      7.88860905E-31      7.88860905E-31      4.00000000E-01     -1.24938616E+08     -2.30538095E-08     -1.32513696E+08     -2.37658213E-08
                 799      3.60000000E+10      1.48000000E+02      1.48000000E+02      7.88860905E-31      7.88860905E-31      4.00000000E-01     -1.32513696E+08     -2.37657591E-08     -1.40088768E+08     -2.44775293E-08
                 800      3.60000000E+10      1.48000000E+02      1.48000000E+02      7.88860905E-31      7.88860905E-31      4.00000000E-01     -1.40088768E+08     -2.44776306E-08     -1.47663840E+08     -2.51898680E-08
                 801      3.60000000E+10      1.48000000E+02      1.48000000E+02      7.88860905E-31      7.88860905E-31      4.00000000E-01      7.32836488E-05     -3.69466124E-09     -1.68381275E+06     -3.83487286E-09
                 802      3.60000000E+10      1.48000000E+02      1.48000000E+02      7.88860905E-31      7.88860905E-31      4.00000000E-01     -1.68381275E+06     -3.83449628E-09     -3.36762550E+06     -3.97470501E-09
                 803      3.60000000E+10      1.48000000E+02      1.48000000E+02      7.88860905E-31      7.88860905E-31      4.00000000E-01     -3.36762550E+06     -3.97448652E-09     -5.05143850E+06     -4.11369738E-09
                 804      3.60000000E+10      1.48000000E+02      1.48000000E+02      7.88860905E-31      7.88860905E-31      4.00000000E-01     -5.05143850E+06     -4.11391188E-09     -6.73525100E+06     -4.25412860E-09
                 805      3.60000000E+10      1.48000000E+02      1.48000000E+02      7.88860905E-31      7.88860905E-31      4.00000000E-01     -6.73525100E+06     -4.25375291E-09     -8.41906400E+06     -4.39396608E-09
                 806      3.60000000E+10      1.48000000E+02      1.48000000E+02      7.88860905E-31      7.88860905E-31      4.00000000E-01     -8.41906400E+06     -5.34477307E-09     -1.16260380E+07     -5.57761703E-09
                 807      3.60000000E+10      1.48000000E+02      1.48000000E+02      7.88860905E-31      7.88860905E-31      4.00000000E-01     -1.16260380E+07     -5.57769386E-09     -1.48330110E+07     -5.81004000E-09
                 808      3.60000000E+10      1.48000000E+02      1.48000000E+02      7.88860905E-31      7.88860905E-31      4.00000000E-01     -1.48330110E+07     -5.81004000E-09     -1.80399840E+07     -6.04338179E-09
                 809      3.60000000E+10      1.48000000E+02      1.48000000E+02      7.88860905E-31      7.88860905E-31      4.00000000E-01     -1.80399840E+07     -6.04301187E-09     -2.12469580E+07     -6.27635988E-09
                 810      3.60000000E+10      1.48000000E+02      1.48000000E+02      7.88860905E-31      7.88860905E-31      4.00000000E-01     -2.12469580E+07     -6.27628216E-09     -2.44539320E+07     -6.50913279E-09
                 811      3.60000000E+10      1.48000000E+02      1.48000000E+02      7.88860905E-31      7.88860905E-31      4.00000000E-01     -2.44539320E+07     -6.83824686E-09     -2.90178000E+07     -7.21080129E-09
                 812      3.60000000E+10      1.48000000E+02      1.48000000E+02      7.88860905E-31      7.88860905E-31      4.00000000E-01     -2.90178000E+07     -7.21080573E-09     -3.35816680E+07     -7.58335705E-09
                 813      3.60000000E+10      1.48000000E+02      1.48000000E+02      7.88860905E-31      7.88860905E-31      4.00000000E-01     -3.35816680E+07     -7.58335883E-09     -3.81455400E+07     -7.95590616E-09
                 814      3.60000000E+10      1.48000000E+02      1.48000000E+02      7.88860905E-31      7.88860905E-31      4.00000000E-01     -3.81455400E+07     -7.95590704E-09     -4.27094080E+07     -8.32845792E-09
                 815      3.60000000E+10      1.48000000E+02      1.48000000E+02      7.88860905E-31      7.88860905E-31      4.00000000E-01     -4.27094080E+07     -8.32845704E-09     -4.72732760E+07     -8.70100703E-09
