                 681      3.60000000E+10      1.90018300E+03      1.93000000E+03      7.88860905E-31      7.88860905E-31      1.50000000E+00      3.65934272E+08      5.89539582E-07      3.36049280E+08      5.57382805E-07
                 682      3.60000000E+10      1.90018300E+03      1.93000000E+03      7.88860905E-31      7.88860905E-31      1.50000000E+00      3.36049280E+08      5.57382862E-07      3.07308864E+08      5.25226142E-07
                 683      3.60000000E+10      1.90018300E+03      1.93000000E+03      7.88860905E-31      7.88860905E-31      1.50000000E+00      3.07308864E+08      5.25226199E-07      2.79713024E+08      4.93069479E-07
                 684      3.60000000E+10      1.90018300E+03      1.93000000E+03      7.88860905E-31      7.88860905E-31      1.50000000E+00      2.79713024E+08      4.93069479E-07      2.53261776E+08      4.60912787E-07
                 685      3.60000000E+10      1.90018300E+03      1.93000000E+03      7.88860905E-31      7.88860905E-31      1.50000000E+00      2.53261776E+08      4.60912730E-07      2.27955120E+08      4.28756010E-07
                 686      3.60000000E+10      1.90018300E+03      1.93000000E+03      7.88860905E-31      7.88860905E-31      4.00000000E+00      2.27372224E+08      4.28756067E-07      1.65483568E+08      3.43004871E-07
                 687      3.60000000E+10      1.90018300E+03      1.93000000E+03      7.88860905E-31      7.88860905E-31      4.00000000E+00      1.65483568E+08      3.43004871E-07      1.11734184E+08      2.57253646E-07
                 688      3.60000000E+10      1.90018300E+03      1.93000000E+03      7.88860905E-31      7.88860905E-31      4.00000000E+00      1.11734184E+08      2.57253674E-07      6.61240840E+07      1.71502435E-07
                 689      3.60000000E+10      1.90018300E+03      1.93000000E+03      7.88860905E-31      7.88860905E-31      4.00000000E+00      6.61240840E+07      1.71502450E-07      2.86532640E+07      8.57512106E-08
                 690      3.60000000E+10      1.90018300E+03      1.93000000E+03      7.88860905E-31      7.88860905E-31      4.00000000E+00      2.86532640E+07      8.57512177E-08     -6.78273438E+05      3.50786180E-15
