                 461      2.05000000E+11      1.90182700E+02      1.93000000E+02      7.88860905E-31      7.88860905E-31      1.50000000E+00      3.25858912E+08     -3.81802181E-07      3.48136384E+08     -4.03390743E-07
                 462      2.05000000E+11      1.90182700E+02      1.93000000E+02      7.88860905E-31      7.88860905E-31      1.50000000E+00      3.48136384E+08     -4.03390743E-07      3.71358464E+08     -4.24979305E-07
                 463      2.05000000E+11      1.90182700E+02      1.93000000E+02      7.88860905E-31      7.88860905E-31      1.50000000E+00      3.71358464E+08     -4.24979305E-07      3.95525184E+08     -4.46567867E-07
                 464      2.05000000E+11      1.90182700E+02      1.93000000E+02      7.88860905E-31      7.88860905E-31      1.50000000E+00      3.95525184E+08     -4.46567867E-07      4.20636512E+08     -4.68156401E-07
                 465      2.05000000E+11      1.90182700E+02      1.93000000E+02      7.88860905E-31      7.88860905E-31      1.50000000E+00      4.20636512E+08     -4.68156401E-07      4.46692480E+08     -4.89744991E-07
                 466      2.05000000E+11      1.90182700E+02      1.93000000E+02      7.88860905E-31      7.88860905E-31      1.50000000E+00      4.07754240E+08     -5.06392382E-07      4.26102688E+08     -5.28155567E-07
                 467      2.05000000E+11      1.90182700E+02      1.93000000E+02      7.88860905E-31      7.88860905E-31      1.50000000E+00      4.26102688E+08     -5.28155567E-07      4.45395776E+08     -5.49918695E-07
                 468      2.05000000E+11      1.90182700E+02      1.93000000E+02      7.88860905E-31      7.88860905E-31      1.50000000E+00      4.45395776E+08     -5.49918695E-07      4.65633472E+08     -5.71681881E-07
                 469      2.05000000E+11      1.90182700E+02      1.93000000E+02      7.88860905E-31      7.88860905E-31      1.50000000E+00      4.65633472E+08     -5.71681881E-07      4.86815776E+08     -5.93445066E-07
                 470      2.05000000E+11      1.90182700E+02      1.93000000E+02      7.88860905E-31      7.88860905E-31      1.50000000E+00      4.86815776E+08     -5.93445066E-07      5.08942720E+08     -6.15208251E-07
                 471      2.05000000E+11      1.90182700E+02      1.93000000E+02      7.88860905E-31      7.88860905E-31      1.50000000E+00      4.71203008E+08     -6.09861729E-07      4.85622464E+08     -6.31712226E-07
                 472      2.05000000E+11      1.90182700E+02      1.93000000E+02      7.88860905E-31      7.88860905E-31      1.50000000E+00      4.85622464E+08     -6.31712226E-07      5.00986496E+08     -6.53562722E-07
                 473      2.05000000E+11      1.90182700E+02      1.93000000E+02      7.88860905E-31      7.88860905E-31      1.50000000E+00      5.00986496E+08     -6.53562722E-07      5.17295168E+08     -6.75413162E-07
                 474      2.05000000E+11      1.90182700E+02      1.93000000E+02      7.88860905E-31      7.88860905E-31      1.50000000E+00      5.17295168E+08     -6.75413162E-07      5.34548480E+08     -6.97263658E-07
                 475      2.05000000E+11      1.90182700E+02      1.93000000E+02      7.88860905E-31      7.88860905E-31      1.50000000E+00      5.34548480E+08     -6.97263658E-07      5.52746432E+08     -7.19114155E-07
                 476      2.05000000E+11      1.90182700E+02      1.93000000E+02      7.88860905E-31      7.88860905E-31      1.50000000E+00      5.16252928E+08     -7.15136252E-07      5.26743328E+08     -7.36903814E-07
                 477      2.05000000E+11      1.90182700E+02      1.93000000E+02      7.88860905E-31      7.88860905E-31      1.50000000E+00      5.26743328E+08     -7.36903814E-07      5.38178368E+08     -7.58671376E-07
                 478      2.05000000E+11      1.90182700E+02      1.93000000E+02      7.88860905E-31      7.88860905E-31      1.50000000E+00      5.38178368E+08     -7.58671376E-07      5.50558016E+08     -7.80438882E-07
                 479      2.05000000E+11      1.90182700E+02      1.93000000E+02      7.88860905E-31      7.88860905E-31      1.50000000E+00      5.50558016E+08     -7.80438882E-07      5.63882304E+08     -8.02206443E-07
                 480      2.05000000E+11      1.90182700E+02      1.93000000E+02      7.88860905E-31      7.88860905E-31      1.50000000E+00      5.63882304E+08     -8.02206443E-07      5.78151232E+08     -8.23974005E-07
                 481      2.05000000E+11      1.90182700E+02      1.93000000E+02      7.88860905E-31      7.88860905E-31      1.50000000E+00      5.42954880E+08     -8.24206836E-07      5.49516224E+08     -8.45887030E-07
                 482      2.05000000E+11      1.90182700E+02      1.93000000E+02      7.88860905E-31      7.88860905E-31      1.50000000E+00      5.49516224E+08     -8.45887030E-07      5.57022272E+08     -8.67567280E-07
                 483      2.05000000E+11      1.90182700E+02      1.93000000E+02      7.88860905E-31      7.88860905E-31      1.50000000E+00      5.57022272E+08     -8.67567280E-07      5.65472896E+08     -8.89247531E-07
                 484      2.05000000E+11      1.90182700E+02      1.93000000E+02      7.88860905E-31      7.88860905E-31      1.50000000E+00      5.65472896E+08     -8.89247531E-07      5.74868160E+08     -9.10927724E-07
                 485      2.05000000E+11      1.90182700E+02      1.93000000E+02      7.88860905E-31      7.88860905E-31      1.50000000E+00      5.74868160E+08     -9.10927724E-07      5.85208064E+08     -9.32607975E-07
                 486      2.05000000E+11      1.90182700E+02      1.93000000E+02      7.88860905E-31      7.88860905E-31      1.50000000E+00      5.51363136E+08     -9.23958794E-07      5.53995520E+08     -9.45900922E-07
                 487      2.05000000E+11      1.90182700E+02      1.93000000E+02      7.88860905E-31      7.88860905E-31      1.50000000E+00      5.53995520E+08     -9.45900922E-07      5.57572544E+08     -9.67843107E-07
                 488      2.05000000E+11      1.90182700E+02      1.93000000E+02      7.88860905E-31      7.88860905E-31      1.50000000E+00      5.57572544E+08     -9.67843107E-07      5.62094144E+08     -9.89785235E-07
                 489      2.05000000E+11      1.90182700E+02      1.93000000E+02      7.88860905E-31      7.88860905E-31      1.50000000E+00      5.62094144E+08     -9.89785235E-07      5.67560384E+08     -1.01172748E-06
                 490      2.05000000E+11      1.90182700E+02      1.93000000E+02      7.88860905E-31      7.88860905E-31      1.50000000E+00      5.67560384E+08     -1.01172748E-06      5.73971264E+08     -1.03366961E-06
                 491      2.05000000E+11      1.90182700E+02      1.93000000E+02      7.88860905E-31      7.88860905E-31      1.50000000E+00      5.41536000E+08     -1.01969340E-06      5.40239360E+08     -1.04155083E-06
                 492      2.05000000E+11      1.90182700E+02      1.93000000E+02      7.88860905E-31      7.88860905E-31      1.50000000E+00      5.40239360E+08     -1.04155083E-06      5.39887360E+08     -1.06340826E-06
                 493      2.05000000E+11      1.90182700E+02      1.93000000E+02      7.88860905E-31      7.88860905E-31      1.50000000E+00      5.39887360E+08     -1.06340826E-06      5.40479936E+08     -1.08526569E-06
                 494      2.05000000E+11      1.90182700E+02      1.93000000E+02      7.88860905E-31      7.88860905E-31      1.50000000E+00      5.40479936E+08     -1.08526569E-06      5.42017216E+08     -1.10712313E-06
                 495      2.05000000E+11      1.90182700E+02      1.93000000E+02      7.88860905E-31      7.88860905E-31      1.50000000E+00      5.42017216E+08     -1.10712313E-06      5.44499072E+08     -1.12898044E-06
                 496      2.05000000E+11      1.90182700E+02      1.93000000E+02      7.88860905E-31      7.88860905E-31      1.50000000E+00      5.13535776E+08     -1.13365445E-06      5.08310112E+08     -1.15568650E-06
                 497      2.05000000E+11      1.90182700E+02      1.93000000E+02      7.88860905E-31      7.88860905E-31      1.50000000E+00      5.08310112E+08     -1.15568650E-06      5.04029088E+08     -1.17771856E-06
                 498      2.05000000E+11      1.90182700E+02      1.93000000E+02      7.88860905E-31      7.88860905E-31      1.50000000E+00      5.04029088E+08     -1.17771856E-06      5.00692672E+08     -1.19975061E-06
                 499      2.05000000E+11      1.90182700E+02      1.93000000E+02      7.88860905E-31      7.88860905E-31      1.50000000E+00      5.00692672E+08     -1.19975061E-06      4.98300896E+08     -1.22178267E-06
                 500      2.05000000E+11      1.90182700E+02      1.93000000E+02      7.88860905E-31      7.88860905E-31      1.50000000E+00      4.98300896E+08     -1.22178267E-06      4.96853728E+08     -1.24381472E-06
                 501      2.05000000E+11      1.90182700E+02      1.93000000E+02      7.88860905E-31      7.88860905E-31      1.50000000E+00      4.67429408E+08     -1.24916983E-06      4.58274720E+08     -1.27120188E-06
                 502      2.05000000E+11      1.90182700E+02      1.93000000E+02      7.88860905E-31      7.88860905E-31      1.50000000E+00      4.58274720E+08     -1.27120188E-06      4.50064672E+08     -1.29323394E-06
                 503      2.05000000E+11      1.90182700E+02      1.93000000E+02      7.88860905E-31      7.88860905E-31      1.50000000E+00      4.50064672E+08     -1.29323394E-06      4.42799264E+08     -1.31526588E-06
                 504      2.05000000E+11      1.90182700E+02      1.93000000E+02      7.88860905E-31      7.88860905E-31      1.50000000E+00      4.42799264E+08     -1.31526588E-06      4.36478464E+08     -1.33729793E-06
                 505      2.05000000E+11      1.90182700E+02      1.93000000E+02      7.88860905E-31      7.88860905E-31      1.50000000E+00      4.36478464E+08     -1.33729793E-06      4.31102272E+08     -1.35932999E-06
                 506      2.05000000E+11      1.90182700E+02      1.93000000E+02      7.88860905E-31      7.88860905E-31      1.50000000E+00      4.03288928E+08     -1.34730669E-06      3.63437504E+08     -1.36951337E-06
                 507      2.05000000E+11      1.90182700E+02      1.93000000E+02      7.88860905E-31      7.88860905E-31      1.50000000E+00      3.63437504E+08     -1.36951337E-06      3.24530688E+08     -1.39172005E-06
                 508      2.05000000E+11      1.90182700E+02      1.93000000E+02      7.88860905E-31      7.88860905E-31      1.50000000E+00      3.24530688E+08     -1.39172005E-06      2.86568512E+08     -1.41392661E-06
                 509      2.05000000E+11      1.90182700E+02      1.93000000E+02      7.88860905E-31      7.88860905E-31      1.50000000E+00      2.86568512E+08     -1.41392661E-06      2.49550976E+08     -1.43613329E-06
                 510      2.05000000E+11      1.90182700E+02      1.93000000E+02      7.88860905E-31      7.88860905E-31      1.50000000E+00      2.49550976E+08     -1.43613329E-06      2.13478048E+08     -1.45833997E-06
                 511      2.05000000E+11      1.90182700E+02      1.93000000E+02      7.88860905E-31      7.88860905E-31      1.50000000E+00      2.13478048E+08     -1.45833997E-06      1.78349760E+08     -1.48054664E-06
                 512      2.05000000E+11      1.90182700E+02      1.93000000E+02      7.88860905E-31      7.88860905E-31      1.50000000E+00      1.78349760E+08     -1.48054664E-06      1.44166080E+08     -1.50275332E-06
                 513      2.05000000E+11      1.90182700E+02      1.93000000E+02      7.88860905E-31      7.88860905E-31      1.50000000E+00      1.44166080E+08     -1.50275332E-06      1.10927040E+08     -1.52496000E-06
                 514      2.05000000E+11      1.90182700E+02      1.93000000E+02      7.88860905E-31      7.88860905E-31      1.50000000E+00      1.10927040E+08     -1.52496000E-06      7.86326240E+07     -1.54716668E-06
                 515      2.05000000E+11      1.90182700E+02      1.93000000E+02      7.88860905E-31      7.88860905E-31      1.50000000E+00      7.86326240E+07     -1.54716668E-06      4.72828320E+07     -1.56937335E-06
                 516      2.05000000E+11      1.90182700E+02      1.93000000E+02      7.88860905E-31      7.88860905E-31      1.50000000E+00      2.35514540E+07     -1.56489136E-06     -1.55058590E+07     -1.58709804E-06
                 517      2.05000000E+11      1.90182700E+02      1.93000000E+02      7.88860905E-31      7.88860905E-31      1.50000000E+00     -1.55058590E+07     -1.58709793E-06     -5.36185480E+07     -1.60930460E-06
                 518      2.05000000E+11      1.90182700E+02      1.93000000E+02      7.88860905E-31      7.88860905E-31      1.50000000E+00     -5.36185480E+07     -1.60930460E-06     -9.07866080E+07     -1.63151128E-06
                 519      2.05000000E+11      1.90182700E+02      1.93000000E+02      7.88860905E-31      7.88860905E-31      1.50000000E+00     -9.07866080E+07     -1.63151128E-06     -1.27010040E+08     -1.65371796E-06
                 520      2.05000000E+11      1.90182700E+02      1.93000000E+02      7.88860905E-31      7.88860905E-31      1.50000000E+00     -1.27010040E+08     -1.65371796E-06     -1.62288848E+08     -1.67592464E-06
                 521      2.05000000E+11      1.90182700E+02      1.93000000E+02      7.88860905E-31      7.88860905E-31      1.50000000E+00     -1.62288848E+08     -1.67592464E-06     -1.96623040E+08     -1.69813131E-06
                 522      2.05000000E+11      1.90182700E+02      1.93000000E+02      7.88860905E-31      7.88860905E-31      1.50000000E+00     -1.96623040E+08     -1.69813131E-06     -2.30012592E+08     -1.72033799E-06
                 523      2.05000000E+11      1.90182700E+02      1.93000000E+02      7.88860905E-31      7.88860905E-31      1.50000000E+00     -2.30012592E+08     -1.72033799E-06     -2.62457536E+08     -1.74254467E-06
                 524      2.05000000E+11      1.90182700E+02      1.93000000E+02      7.88860905E-31      7.88860905E-31      1.50000000E+00     -2.62457536E+08     -1.74254467E-06     -2.93957824E+08     -1.76475123E-06
                 525      2.05000000E+11      1.90182700E+02      1.93000000E+02      7.88860905E-31      7.88860905E-31      1.50000000E+00     -2.93957824E+08     -1.76475123E-06     -3.24513504E+08     -1.78695791E-06
                 526      2.05000000E+11      1.90182700E+02      1.93000000E+02      7.88860905E-31      7.88860905E-31      1.50000000E+00     -3.43967264E+08     -1.78680705E-06     -3.82230464E+08     -1.80901372E-06
                 527      2.05000000E+11      1.90182700E+02      1.93000000E+02      7.88860905E-31      7.88860905E-31      1.50000000E+00     -3.82230464E+08     -1.80901372E-06     -4.19549024E+08     -1.83122040E-06
                 528      2.05000000E+11      1.90182700E+02      1.93000000E+02      7.88860905E-31      7.88860905E-31      1.50000000E+00     -4.19549024E+08     -1.83122040E-06     -4.55922976E+08     -1.85342708E-06
                 529      2.05000000E+11      1.90182700E+02      1.93000000E+02      7.88860905E-31      7.88860905E-31      1.50000000E+00     -4.55922976E+08     -1.85342708E-06     -4.91352320E+08     -1.87563364E-06
                 530      2.05000000E+11      1.90182700E+02      1.93000000E+02      7.88860905E-31      7.88860905E-31      1.50000000E+00     -4.91352320E+08     -1.87563376E-06     -5.25837024E+08     -1.89784032E-06
                 531      2.05000000E+11      1.90182700E+02      1.93000000E+02      7.88860905E-31      7.88860905E-31      1.50000000E+00     -5.25837024E+08     -1.89784032E-06     -5.59377088E+08     -1.92004700E-06
                 532      2.05000000E+11      1.90182700E+02      1.93000000E+02      7.88860905E-31      7.88860905E-31      1.50000000E+00     -5.59377088E+08     -1.92004700E-06     -5.91972544E+08     -1.94225368E-06
                 533      2.05000000E+11      1.90182700E+02      1.93000000E+02      7.88860905E-31      7.88860905E-31      1.50000000E+00     -5.91972544E+08     -1.94225368E-06     -6.23623360E+08     -1.96446035E-06
                 534      2.05000000E+11      1.90182700E+02      1.93000000E+02      7.88860905E-31      7.88860905E-31      1.50000000E+00     -6.23623360E+08     -1.96446035E-06     -6.54329536E+08     -1.98666703E-06
                 535      2.05000000E+11      1.90182700E+02      1.93000000E+02      7.88860905E-31      7.88860905E-31      1.50000000E+00     -6.54329536E+08     -1.98666703E-06     -6.84091136E+08     -2.00887371E-06
                 536      2.05000000E+11      1.90182700E+02      1.93000000E+02      7.88860905E-31      7.88860905E-31      1.50000000E+00     -6.99054528E+08     -1.99959982E-06     -7.36523584E+08     -2.02176511E-06
                 537      2.05000000E+11      1.90182700E+02      1.93000000E+02      7.88860905E-31      7.88860905E-31      1.50000000E+00     -7.36523584E+08     -2.02176511E-06     -7.73048064E+08     -2.04393018E-06
                 538      2.05000000E+11      1.90182700E+02      1.93000000E+02      7.88860905E-31      7.88860905E-31      1.50000000E+00     -7.73048064E+08     -2.04393018E-06     -8.08627904E+08     -2.06609525E-06
                 539      2.05000000E+11      1.90182700E+02      1.93000000E+02      7.88860905E-31      7.88860905E-31      1.50000000E+00     -8.08627904E+08     -2.06609525E-06     -8.43263104E+08     -2.08826032E-06
                 540      2.05000000E+11      1.90182700E+02      1.93000000E+02      7.88860905E-31      7.88860905E-31      1.50000000E+00     -8.43263104E+08     -2.08826032E-06     -8.76953728E+08     -2.11042538E-06
                 541      2.05000000E+11      1.90182700E+02      1.93000000E+02      7.88860905E-31      7.88860905E-31      1.50000000E+00     -8.76953728E+08     -2.11042538E-06     -9.09699648E+08     -2.13259068E-06
                 542      2.05000000E+11      1.90182700E+02      1.93000000E+02      7.88860905E-31      7.88860905E-31      1.50000000E+00     -9.09699648E+08     -2.13259045E-06     -9.41500992E+08     -2.15475575E-06
                 543      2.05000000E+11      1.90182700E+02      1.93000000E+02      7.88860905E-31      7.88860905E-31      1.50000000E+00     -9.41500992E+08     -2.15475575E-06     -9.72357696E+08     -2.17692082E-06
                 544      2.05000000E+11      1.90182700E+02      1.93000000E+02      7.88860905E-31      7.88860905E-31      1.50000000E+00     -9.72357696E+08     -2.17692082E-06     -1.00226982E+09     -2.19908588E-06
                 545      2.05000000E+11      1.90182700E+02      1.93000000E+02      7.88860905E-31      7.88860905E-31      1.50000000E+00     -1.00226982E+09     -2.19908588E-06     -1.03123725E+09     -2.22125095E-06
                 546      2.05000000E+11      1.90182700E+02      1.93000000E+02      7.88860905E-31      7.88860905E-31      1.50000000E+00     -1.04147789E+09     -2.22189124E-06     -1.07815283E+09     -2.24405630E-06
                 547      2.05000000E+11      1.90182700E+02      1.93000000E+02      7.88860905E-31      7.88860905E-31      1.50000000E+00     -1.07815283E+09     -2.24405630E-06     -1.11388326E+09     -2.26622137E-06
                 548      2.05000000E+11      1.90182700E+02      1.93000000E+02      7.88860905E-31      7.88860905E-31      1.50000000E+00     -1.11388326E+09     -2.26622137E-06     -1.14866893E+09     -2.28838644E-06
                 549      2.05000000E+11      1.90182700E+02      1.93000000E+02      7.88860905E-31      7.88860905E-31      1.50000000E+00     -1.14866893E+09     -2.28838644E-06     -1.18251008E+09     -2.31055151E-06
                 550      2.05000000E+11      1.90182700E+02      1.93000000E+02      7.88860905E-31      7.88860905E-31      1.50000000E+00     -1.18251008E+09     -2.31055174E-06     -1.21540646E+09     -2.33271680E-06
                 551      2.05000000E+11      1.90182700E+02      1.93000000E+02      7.88860905E-31      7.88860905E-31      1.50000000E+00     -1.21540646E+09     -2.33271680E-06     -1.24735834E+09     -2.35488187E-06
                 552      2.05000000E+11      1.90182700E+02      1.93000000E+02      7.88860905E-31      7.88860905E-31      1.50000000E+00     -1.24735834E+09     -2.35488187E-06     -1.27836557E+09     -2.37704694E-06
                 553      2.05000000E+11      1.90182700E+02      1.93000000E+02      7.88860905E-31      7.88860905E-31      1.50000000E+00     -1.27836557E+09     -2.37704694E-06     -1.30842816E+09     -2.39921201E-06
                 554      2.05000000E+11      1.90182700E+02      1.93000000E+02      7.88860905E-31      7.88860905E-31      1.50000000E+00     -1.30842816E+09     -2.39921224E-06     -1.33754611E+09     -2.42137708E-06
                 555      2.05000000E+11      1.90182700E+02      1.93000000E+02      7.88860905E-31      7.88860905E-31      1.50000000E+00     -1.33754611E+09     -2.42137730E-06     -1.36571955E+09     -2.44354237E-06
                 556      2.05000000E+11      1.90182700E+02      1.93000000E+02      7.88860905E-31      7.88860905E-31      1.50000000E+00     -1.36571955E+09     -2.44354237E-06     -1.39294822E+09     -2.46570744E-06
                 557      2.05000000E+11      1.90182700E+02      1.93000000E+02      7.88860905E-31      7.88860905E-31      1.50000000E+00     -1.39294822E+09     -2.46570744E-06     -1.41923238E+09     -2.48787251E-06
                 558      2.05000000E+11      1.90182700E+02      1.93000000E+02      7.88860905E-31      7.88860905E-31      1.50000000E+00     -1.41923238E+09     -2.48787251E-06     -1.44457178E+09     -2.51003758E-06
                 559      2.05000000E+11      1.90182700E+02      1.93000000E+02      7.88860905E-31      7.88860905E-31      1.50000000E+00     -1.44457178E+09     -2.51003758E-06     -1.46896666E+09     -2.53220264E-06
                 560      2.05000000E+11      1.90182700E+02      1.93000000E+02      7.88860905E-31      7.88860905E-31      1.50000000E+00     -1.46896666E+09     -2.53220264E-06     -1.49241690E+09     -2.55436771E-06
                 561      2.05000000E+11      1.90182700E+02      1.93000000E+02      7.88860905E-31      7.88860905E-31      1.50000000E+00     -1.49241690E+09     -2.55436771E-06     -1.51492250E+09     -2.57653278E-06
                 562      2.05000000E+11      1.90182700E+02      1.93000000E+02      7.88860905E-31      7.88860905E-31      1.50000000E+00     -1.51492250E+09     -2.57653278E-06     -1.53648346E+09     -2.59869785E-06
                 563      2.05000000E+11      1.90182700E+02      1.93000000E+02      7.88860905E-31      7.88860905E-31      1.50000000E+00     -1.53648346E+09     -2.59869785E-06     -1.55709978E+09     -2.62086292E-06
                 564      2.05000000E+11      1.90182700E+02      1.93000000E+02      7.88860905E-31      7.88860905E-31      1.50000000E+00     -1.55709978E+09     -2.62086292E-06     -1.57677146E+09     -2.64302798E-06
                 565      2.05000000E+11      1.90182700E+02      1.93000000E+02      7.88860905E-31      7.88860905E-31      1.50000000E+00     -1.57677146E+09     -2.64302798E-06     -1.59549850E+09     -2.66519305E-06
