                 566      2.05000000E+11      1.90182700E+02      1.93000000E+02      7.88860905E-31      7.88860905E-31      1.50000000E+00     -1.59549850E+09      4.38506504E-06     -1.57677146E+09      4.34843287E-06
                 567      2.05000000E+11      1.90182700E+02      1.93000000E+02      7.88860905E-31      7.88860905E-31      1.50000000E+00     -1.57677146E+09      4.34843287E-06     -1.55709978E+09      4.31180069E-06
                 568      2.05000000E+11      1.90182700E+02      1.93000000E+02      7.88860905E-31      7.88860905E-31      1.50000000E+00     -1.55709978E+09      4.31180069E-06     -1.53648346E+09      4.27516807E-06
                 569      2.05000000E+11      1.90182700E+02      1.93000000E+02      7.88860905E-31      7.88860905E-31      1.50000000E+00     -1.53648346E+09      4.27516807E-06     -1.51492250E+09      4.23853544E-06
                 570      2.05000000E+11      1.90182700E+02      1.93000000E+02      7.88860905E-31      7.88860905E-31      1.50000000E+00     -1.51492250E+09      4.23853544E-06     -1.49241690E+09      4.20190327E-06
                 571      2.05000000E+11      1.90182700E+02      1.93000000E+02      7.88860905E-31      7.88860905E-31      1.50000000E+00     -1.49241690E+09      4.20190327E-06     -1.46896666E+09      4.16527064E-06
                 572      2.05000000E+11      1.90182700E+02      1.93000000E+02      7.88860905E-31      7.88860905E-31      1.50000000E+00     -1.46896666E+09      4.16527064E-06     -1.44457178E+09      4.12863847E-06
                 573      2.05000000E+11      1.90182700E+02      1.93000000E+02      7.88860905E-31      7.88860905E-31      1.50000000E+00     -1.44457178E+09      4.12863847E-06     -1.41923238E+09      4.09200584E-06
                 574      2.05000000E+11      1.90182700E+02      1.93000000E+02      7.88860905E-31      7.88860905E-31      1.50000000E+00     -1.41923238E+09      4.09200584E-06     -1.39294822E+09      4.05537367E-06
                 575      2.05000000E+11      1.90182700E+02      1.93000000E+02      7.88860905E-31      7.88860905E-31      1.50000000E+00     -1.39294822E+09      4.05537367E-06     -1.36571955E+09      4.01874149E-06
                 576      2.05000000E+11      1.90182700E+02      1.93000000E+02      7.88860905E-31      7.88860905E-31      1.50000000E+00     -1.36571955E+09      4.01874149E-06     -1.33754611E+09      3.98210886E-06
                 577      2.05000000E+11      1.90182700E+02      1.93000000E+02      7.88860905E-31      7.88860905E-31      1.50000000E+00     -1.33754611E+09      3.98210886E-06     -1.30842816E+09      3.94547624E-06
                 578      2.05000000E+11      1.90182700E+02      1.93000000E+02      7.88860905E-31      7.88860905E-31      1.50000000E+00     -1.30842816E+09      3.94547624E-06     -1.27836557E+09      3.90884406E-06
                 579      2.05000000E+11      1.90182700E+02      1.93000000E+02      7.88860905E-31      7.88860905E-31      1.50000000E+00     -1.27836557E+09      3.90884406E-06     -1.24735834E+09      3.87221144E-06
                 580      2.05000000E+11      1.90182700E+02      1.93000000E+02      7.88860905E-31      7.88860905E-31      1.50000000E+00     -1.24735834E+09      3.87221144E-06     -1.21540646E+09      3.83557926E-06
                 581      2.05000000E+11      1.90182700E+02      1.93000000E+02      7.88860905E-31      7.88860905E-31      1.50000000E+00     -1.21540646E+09      3.83557926E-06     -1.18251008E+09      3.79894664E-06
                 582      2.05000000E+11      1.90182700E+02      1.93000000E+02      7.88860905E-31      7.88860905E-31      1.50000000E+00     -1.18251008E+09      3.79894664E-06     -1.14866893E+09      3.76231401E-06
                 583      2.05000000E+11      1.90182700E+02      1.93000000E+02      7.88860905E-31      7.88860905E-31      1.50000000E+00     -1.14866893E+09      3.76231401E-06     -1.11388326E+09      3.72568138E-06
                 584      2.05000000E+11      1.90182700E+02      1.93000000E+02      7.88860905E-31      7.88860905E-31      1.50000000E+00     -1.11388326E+09      3.72568138E-06     -1.07815283E+09      3.68904875E-06
                 585      2.05000000E+11      1.90182700E+02      1.93000000E+02      7.88860905E-31      7.88860905E-31      1.50000000E+00     -1.07815283E+09      3.68904898E-06     -1.04147789E+09      3.65241635E-06
                 586      2.05000000E+11      1.90182700E+02      1.93000000E+02      7.88860905E-31      7.88860905E-31      1.50000000E+00     -1.03123725E+09      3.55923726E-06     -1.00226982E+09      3.52251732E-06
                 587      2.05000000E+11      1.90182700E+02      1.93000000E+02      7.88860905E-31      7.88860905E-31      1.50000000E+00     -1.00226982E+09      3.52251732E-06     -9.72357696E+08      3.48579761E-06
                 588      2.05000000E+11      1.90182700E+02      1.93000000E+02      7.88860905E-31      7.88860905E-31      1.50000000E+00     -9.72357696E+08      3.48579761E-06     -9.41500992E+08      3.44907767E-06
                 589      2.05000000E+11      1.90182700E+02      1.93000000E+02      7.88860905E-31      7.88860905E-31      1.50000000E+00     -9.41500992E+08      3.44907767E-06     -9.09699648E+08      3.41235796E-06
                 590      2.05000000E+11      1.90182700E+02      1.93000000E+02      7.88860905E-31      7.88860905E-31      1.50000000E+00     -9.09699648E+08      3.41235796E-06     -8.76953728E+08      3.37563802E-06
                 591      2.05000000E+11      1.90182700E+02      1.93000000E+02      7.88860905E-31      7.88860905E-31      1.50000000E+00     -8.76953728E+08      3.37563802E-06     -8.43263104E+08      3.33891830E-06
                 592      2.05000000E+11      1.90182700E+02      1.93000000E+02      7.88860905E-31      7.88860905E-31      1.50000000E+00     -8.43263104E+08      3.33891830E-06     -8.08627904E+08      3.30219859E-06
                 593      2.05000000E+11      1.90182700E+02      1.93000000E+02      7.88860905E-31      7.88860905E-31      1.50000000E+00     -8.08627904E+08      3.30219837E-06     -7.73048064E+08      3.26547865E-06
                 594      2.05000000E+11      1.90182700E+02      1.93000000E+02      7.88860905E-31      7.88860905E-31      1.50000000E+00     -7.73048064E+08      3.26547865E-06     -7.36523584E+08      3.22875894E-06
                 595      2.05000000E+11      1.90182700E+02      1.93000000E+02      7.88860905E-31      7.88860905E-31      1.50000000E+00     -7.36523584E+08      3.22875894E-06     -6.99054528E+08      3.19203923E-06
                 596      2.05000000E+11      1.90182700E+02      1.93000000E+02      7.88860905E-31      7.88860905E-31      1.50000000E+00     -6.84091136E+08      3.18935304E-06     -6.54329536E+08      3.15298257E-06
                 597      2.05000000E+11      1.90182700E+02      1.93000000E+02      7.88860905E-31      7.88860905E-31      1.50000000E+00     -6.54329536E+08      3.15298257E-06     -6.23623360E+08      3.11661211E-06
                 598      2.05000000E+11      1.90182700E+02      1.93000000E+02      7.88860905E-31      7.88860905E-31      1.50000000E+00     -6.23623360E+08      3.11661211E-06     -5.91972544E+08      3.08024164E-06
                 599      2.05000000E+11      1.90182700E+02      1.93000000E+02      7.88860905E-31      7.88860905E-31      1.50000000E+00     -5.91972544E+08      3.08024164E-06     -5.59377088E+08      3.04387117E-06
                 600      2.05000000E+11      1.90182700E+02      1.93000000E+02      7.88860905E-31      7.88860905E-31      1.50000000E+00     -5.59377088E+08      3.04387117E-06     -5.25837024E+08      3.00750071E-06
                 601      2.05000000E+11      1.90182700E+02      1.93000000E+02      7.88860905E-31      7.88860905E-31      1.50000000E+00     -5.25837024E+08      3.00750071E-06     -4.91352320E+08      2.97113024E-06
                 602      2.05000000E+11      1.90182700E+02      1.93000000E+02      7.88860905E-31      7.88860905E-31      1.50000000E+00     -4.91352320E+08      2.97113024E-06     -4.55922976E+08      2.93475978E-06
                 603      2.05000000E+11      1.90182700E+02      1.93000000E+02      7.88860905E-31      7.88860905E-31      1.50000000E+00     -4.55922976E+08      2.93475978E-06     -4.19549024E+08      2.89838908E-06
                 604      2.05000000E+11      1.90182700E+02      1.93000000E+02      7.88860905E-31      7.88860905E-31      1.50000000E+00     -4.19549024E+08      2.89838908E-06     -3.82230464E+08      2.86201839E-06
                 605      2.05000000E+11      1.90182700E+02      1.93000000E+02      7.88860905E-31      7.88860905E-31      1.50000000E+00     -3.82230464E+08      2.86201839E-06     -3.43967264E+08      2.82564770E-06
                 606      2.05000000E+11      1.90182700E+02      1.93000000E+02      7.88860905E-31      7.88860905E-31      1.50000000E+00     -3.24513504E+08      2.83308123E-06     -2.93957824E+08      2.79758387E-06
                 607      2.05000000E+11      1.90182700E+02      1.93000000E+02      7.88860905E-31      7.88860905E-31      1.50000000E+00     -2.93957824E+08      2.79758365E-06     -2.62457536E+08      2.76208607E-06
                 608      2.05000000E+11      1.90182700E+02      1.93000000E+02      7.88860905E-31      7.88860905E-31      1.50000000E+00     -2.62457536E+08      2.76208607E-06     -2.30012592E+08      2.72658849E-06
                 609      2.05000000E+11      1.90182700E+02      1.93000000E+02      7.88860905E-31      7.88860905E-31      1.50000000E+00     -2.30012592E+08      2.72658872E-06     -1.96623040E+08      2.69109114E-06
                 610      2.05000000E+11      1.90182700E+02      1.93000000E+02      7.88860905E-31      7.88860905E-31      1.50000000E+00     -1.96623040E+08      2.69109114E-06     -1.62288848E+08      2.65559356E-06
                 611      2.05000000E+11      1.90182700E+02      1.93000000E+02      7.88860905E-31      7.88860905E-31      1.50000000E+00     -1.62288848E+08      2.65559356E-06     -1.27010040E+08      2.62009621E-06
                 612      2.05000000E+11      1.90182700E+02      1.93000000E+02      7.88860905E-31      7.88860905E-31      1.50000000E+00     -1.27010040E+08      2.62009621E-06     -9.07866080E+07      2.58459863E-06
                 613      2.05000000E+11      1.90182700E+02      1.93000000E+02      7.88860905E-31      7.88860905E-31      1.50000000E+00     -9.07866080E+07      2.58459863E-06     -5.36185480E+07      2.54910128E-06
                 614      2.05000000E+11      1.90182700E+02      1.93000000E+02      7.88860905E-31      7.88860905E-31      1.50000000E+00     -5.36185480E+07      2.54910105E-06     -1.55058590E+07      2.51360370E-06
                 615      2.05000000E+11      1.90182700E+02      1.93000000E+02      7.88860905E-31      7.88860905E-31      1.50000000E+00     -1.55058590E+07      2.51360370E-06      2.35514540E+07      2.47810613E-06
                 616      2.05000000E+11      1.90182700E+02      1.93000000E+02      7.88860905E-31      7.88860905E-31      1.50000000E+00      4.72828320E+07      2.47624348E-06      7.86326240E+07      2.44126977E-06
                 617      2.05000000E+11      1.90182700E+02      1.93000000E+02      7.88860905E-31      7.88860905E-31      1.50000000E+00      7.86326240E+07      2.44126977E-06      1.10927040E+08      2.40629606E-06
                 618      2.05000000E+11      1.90182700E+02      1.93000000E+02      7.88860905E-31      7.88860905E-31      1.50000000E+00      1.10927040E+08      2.40629606E-06      1.44166080E+08      2.37132235E-06
                 619      2.05000000E+11      1.90182700E+02      1.93000000E+02      7.88860905E-31      7.88860905E-31      1.50000000E+00      1.44166080E+08      2.37132235E-06      1.78349760E+08      2.33634842E-06
                 620      2.05000000E+11      1.90182700E+02      1.93000000E+02      7.88860905E-31      7.88860905E-31      1.50000000E+00      1.78349760E+08      2.33634864E-06      2.13478048E+08      2.30137471E-06
                 621      2.05000000E+11      1.90182700E+02      1.93000000E+02      7.88860905E-31      7.88860905E-31      1.50000000E+00      2.13478048E+08      2.30137471E-06      2.49550976E+08      2.26640100E-06
                 622      2.05000000E+11      1.90182700E+02      1.93000000E+02      7.88860905E-31      7.88860905E-31      1.50000000E+00      2.49550976E+08      2.26640100E-06      2.86568512E+08      2.23142729E-06
                 623      2.05000000E+11      1.90182700E+02      1.93000000E+02      7.88860905E-31      7.88860905E-31      1.50000000E+00      2.86568512E+08      2.23142729E-06      3.24530688E+08      2.19645358E-06
                 624      2.05000000E+11      1.90182700E+02      1.93000000E+02      7.88860905E-31      7.88860905E-31      1.50000000E+00      3.24530688E+08      2.19645358E-06      3.63437504E+08      2.16147987E-06
                 625      2.05000000E+11      1.90182700E+02      1.93000000E+02      7.88860905E-31      7.88860905E-31      1.50000000E+00      3.63437504E+08      2.16147987E-06      4.03288928E+08      2.12650616E-06
                 626      2.05000000E+11      1.90182700E+02      1.93000000E+02      7.88860905E-31      7.88860905E-31      1.50000000E+00      4.31102272E+08      2.11102747E-06      4.36478464E+08      2.07673497E-06
                 627      2.05000000E+11      1.90182700E+02      1.93000000E+02      7.88860905E-31      7.88860905E-31      1.50000000E+00      4.36478464E+08      2.07673475E-06      4.42799264E+08      2.04244225E-06
                 628      2.05000000E+11      1.90182700E+02      1.93000000E+02      7.88860905E-31      7.88860905E-31      1.50000000E+00      4.42799264E+08      2.04244225E-06      4.50064672E+08      2.00814975E-06
                 629      2.05000000E+11      1.90182700E+02      1.93000000E+02      7.88860905E-31      7.88860905E-31      1.50000000E+00      4.50064672E+08      2.00814975E-06      4.58274720E+08      1.97385702E-06
                 630      2.05000000E+11      1.90182700E+02      1.93000000E+02      7.88860905E-31      7.88860905E-31      1.50000000E+00      4.58274720E+08      1.97385702E-06      4.67429408E+08      1.93956453E-06
                 631      2.05000000E+11      1.90182700E+02      1.93000000E+02      7.88860905E-31      7.88860905E-31      1.50000000E+00      4.96853728E+08      1.96829069E-06      4.98300896E+08      1.93432425E-06
                 632      2.05000000E+11      1.90182700E+02      1.93000000E+02      7.88860905E-31      7.88860905E-31      1.50000000E+00      4.98300896E+08      1.93432425E-06      5.00692672E+08      1.90035792E-06
                 633      2.05000000E+11      1.90182700E+02      1.93000000E+02      7.88860905E-31      7.88860905E-31      1.50000000E+00      5.00692672E+08      1.90035803E-06      5.04029088E+08      1.86639170E-06
                 634      2.05000000E+11      1.90182700E+02      1.93000000E+02      7.88860905E-31      7.88860905E-31      1.50000000E+00      5.04029088E+08      1.86639170E-06      5.08310112E+08      1.83242537E-06
                 635      2.05000000E+11      1.90182700E+02      1.93000000E+02      7.88860905E-31      7.88860905E-31      1.50000000E+00      5.08310112E+08      1.83242537E-06      5.13535776E+08      1.79845915E-06
                 636      2.05000000E+11      1.90182700E+02      1.93000000E+02      7.88860905E-31      7.88860905E-31      1.50000000E+00      5.44499072E+08      1.78518781E-06      5.42017216E+08      1.75157072E-06
                 637      2.05000000E+11      1.90182700E+02      1.93000000E+02      7.88860905E-31      7.88860905E-31      1.50000000E+00      5.42017216E+08      1.75157072E-06      5.40479936E+08      1.71795364E-06
                 638      2.05000000E+11      1.90182700E+02      1.93000000E+02      7.88860905E-31      7.88860905E-31      1.50000000E+00      5.40479936E+08      1.71795364E-06      5.39887360E+08      1.68433667E-06
                 639      2.05000000E+11      1.90182700E+02      1.93000000E+02      7.88860905E-31      7.88860905E-31      1.50000000E+00      5.39887360E+08      1.68433667E-06      5.40239360E+08      1.65071958E-06
                 640      2.05000000E+11      1.90182700E+02      1.93000000E+02      7.88860905E-31      7.88860905E-31      1.50000000E+00      5.40239360E+08      1.65071958E-06      5.41536000E+08      1.61710261E-06
                 641      2.05000000E+11      1.90182700E+02      1.93000000E+02      7.88860905E-31      7.88860905E-31      1.50000000E+00      5.73971264E+08      1.64185349E-06      5.67560384E+08      1.60873628E-06
                 642      2.05000000E+11      1.90182700E+02      1.93000000E+02      7.88860905E-31      7.88860905E-31      1.50000000E+00      5.67560384E+08      1.60873628E-06      5.62094144E+08      1.57561919E-06
                 643      2.05000000E+11      1.90182700E+02      1.93000000E+02      7.88860905E-31      7.88860905E-31      1.50000000E+00      5.62094144E+08      1.57561919E-06      5.57572544E+08      1.54250199E-06
                 644      2.05000000E+11      1.90182700E+02      1.93000000E+02      7.88860905E-31      7.88860905E-31      1.50000000E+00      5.57572544E+08      1.54250199E-06      5.53995520E+08      1.50938490E-06
                 645      2.05000000E+11      1.90182700E+02      1.93000000E+02      7.88860905E-31      7.88860905E-31      1.50000000E+00      5.53995520E+08      1.50938490E-06      5.51363136E+08      1.47626793E-06
                 646      2.05000000E+11      1.90182700E+02      1.93000000E+02      7.88860905E-31      7.88860905E-31      1.50000000E+00      5.85208064E+08      1.43976160E-06      5.74868160E+08      1.40681914E-06
                 647      2.05000000E+11      1.90182700E+02      1.93000000E+02      7.88860905E-31      7.88860905E-31      1.50000000E+00      5.74868160E+08      1.40681914E-06      5.65472896E+08      1.37387667E-06
                 648      2.05000000E+11      1.90182700E+02      1.93000000E+02      7.88860905E-31      7.88860905E-31      1.50000000E+00      5.65472896E+08      1.37387667E-06      5.57022272E+08      1.34093420E-06
                 649      2.05000000E+11      1.90182700E+02      1.93000000E+02      7.88860905E-31      7.88860905E-31      1.50000000E+00      5.57022272E+08      1.34093420E-06      5.49516224E+08      1.30799174E-06
                 650      2.05000000E+11      1.90182700E+02      1.93000000E+02      7.88860905E-31      7.88860905E-31      1.50000000E+00      5.49516224E+08      1.30799174E-06      5.42954880E+08      1.27504927E-06
                 651      2.05000000E+11      1.90182700E+02      1.93000000E+02      7.88860905E-31      7.88860905E-31      1.50000000E+00      5.78151232E+08      1.31608783E-06      5.63882304E+08      1.28340719E-06
                 652      2.05000000E+11      1.90182700E+02      1.93000000E+02      7.88860905E-31      7.88860905E-31      1.50000000E+00      5.63882304E+08      1.28340719E-06      5.50558016E+08      1.25072665E-06
                 653      2.05000000E+11      1.90182700E+02      1.93000000E+02      7.88860905E-31      7.88860905E-31      1.50000000E+00      5.50558016E+08      1.25072665E-06      5.38178368E+08      1.21804601E-06
                 654      2.05000000E+11      1.90182700E+02      1.93000000E+02      7.88860905E-31      7.88860905E-31      1.50000000E+00      5.38178368E+08      1.21804612E-06      5.26743328E+08      1.18536548E-06
                 655      2.05000000E+11      1.90182700E+02      1.93000000E+02      7.88860905E-31      7.88860905E-31      1.50000000E+00      5.26743328E+08      1.18536548E-06      5.16252928E+08      1.15268494E-06
                 656      2.05000000E+11      1.90182700E+02      1.93000000E+02      7.88860905E-31      7.88860905E-31      1.50000000E+00      5.52746432E+08      1.05872141E-06      5.34548480E+08      1.02569152E-06
                 657      2.05000000E+11      1.90182700E+02      1.93000000E+02      7.88860905E-31      7.88860905E-31      1.50000000E+00      5.34548480E+08      1.02569152E-06      5.17295168E+08      9.92661739E-07
                 658      2.05000000E+11      1.90182700E+02      1.93000000E+02      7.88860905E-31      7.88860905E-31      1.50000000E+00      5.17295168E+08      9.92661739E-07      5.00986496E+08      9.59631961E-07
                 659      2.05000000E+11      1.90182700E+02      1.93000000E+02      7.88860905E-31      7.88860905E-31      1.50000000E+00      5.00986496E+08      9.59631961E-07      4.85622464E+08      9.26602183E-07
                 660      2.05000000E+11      1.90182700E+02      1.93000000E+02      7.88860905E-31      7.88860905E-31      1.50000000E+00      4.85622464E+08      9.26602127E-07      4.71203008E+08      8.93572349E-07
                 661      2.05000000E+11      1.90182700E+02      1.93000000E+02      7.88860905E-31      7.88860905E-31      1.50000000E+00      5.08942720E+08      8.76735157E-07      4.86815776E+08      8.43879945E-07
                 662      2.05000000E+11      1.90182700E+02      1.93000000E+02      7.88860905E-31      7.88860905E-31      1.50000000E+00      4.86815776E+08      8.43879945E-07      4.65633472E+08      8.11024790E-07
                 663      2.05000000E+11      1.90182700E+02      1.93000000E+02      7.88860905E-31      7.88860905E-31      1.50000000E+00      4.65633472E+08      8.11024790E-07      4.45395776E+08      7.78169579E-07
                 664      2.05000000E+11      1.90182700E+02      1.93000000E+02      7.88860905E-31      7.88860905E-31      1.50000000E+00      4.45395776E+08      7.78169522E-07      4.26102688E+08      7.45314367E-07
                 665      2.05000000E+11      1.90182700E+02      1.93000000E+02      7.88860905E-31      7.88860905E-31      1.50000000E+00      4.26102688E+08      7.45314367E-07      4.07754240E+08      7.12459268E-07
                 666      2.05000000E+11      1.90182700E+02      1.93000000E+02      7.88860905E-31      7.88860905E-31      1.50000000E+00      4.46692480E+08      7.50875927E-07      4.20636512E+08      7.18631895E-07
                 667      2.05000000E+11      1.90182700E+02      1.93000000E+02      7.88860905E-31      7.88860905E-31      1.50000000E+00      4.20636512E+08      7.18631895E-07      3.95525184E+08      6.86387921E-07
                 668      2.05000000E+11      1.90182700E+02      1.93000000E+02      7.88860905E-31      7.88860905E-31      1.50000000E+00      3.95525184E+08      6.86387921E-07      3.71358464E+08      6.54143946E-07
                 669      2.05000000E+11      1.90182700E+02      1.93000000E+02      7.88860905E-31      7.88860905E-31      1.50000000E+00      3.71358464E+08      6.54143946E-07      3.48136384E+08      6.21899915E-07
                 670      2.05000000E+11      1.90182700E+02      1.93000000E+02      7.88860905E-31      7.88860905E-31      1.50000000E+00      3.48136384E+08      6.21899915E-07      3.25858912E+08      5.89655940E-07
