                 816      3.60000000E+10      1.48000000E+02      1.48000000E+02      7.88860905E-31      7.88860905E-31      4.00000000E-01      3.20309632E+08     -1.53477822E-06      3.29157792E+08     -1.55119994E-06
                 817      3.60000000E+10      1.48000000E+02      1.48000000E+02      7.88860905E-31      7.88860905E-31      4.00000000E-01      3.29157792E+08     -1.55119994E-06      3.38005920E+08     -1.56762917E-06
                 818      3.60000000E+10      1.48000000E+02      1.48000000E+02      7.88860905E-31      7.88860905E-31      4.00000000E-01      3.38005920E+08     -1.56762860E-06      3.46854080E+08     -1.58405408E-06
                 819      3.60000000E+10      1.48000000E+02      1.48000000E+02      7.88860905E-31      7.88860905E-31      4.00000000E-01      3.46854080E+08     -1.58405453E-06      3.55702208E+08     -1.60047625E-06
                 820      3.60000000E+10      1.48000000E+02      1.48000000E+02      7.88860905E-31      7.88860905E-31      4.00000000E-01      3.55702208E+08     -1.60047523E-06      3.64550368E+08     -1.61690048E-06
                 821      3.60000000E+10      1.48000000E+02      1.48000000E+02      7.88860905E-31      7.88860905E-31      4.00000000E-01      3.64550368E+08     -1.88733316E-06      3.73398496E+08     -1.90460378E-06
                 822      3.60000000E+10      1.48000000E+02      1.48000000E+02      7.88860905E-31      7.88860905E-31      4.00000000E-01      3.73398496E+08     -1.90460207E-06      3.82246656E+08     -1.92186917E-06
                 823      3.60000000E+10      1.48000000E+02      1.48000000E+02      7.88860905E-31      7.88860905E-31      4.00000000E-01      3.82246656E+08     -1.92186712E-06      3.91094784E+08     -1.93913024E-06
                 824      3.60000000E+10      1.48000000E+02      1.48000000E+02      7.88860905E-31      7.88860905E-31      4.00000000E-01      3.91094784E+08     -1.93913252E-06      3.99942944E+08     -1.95639223E-06
                 825      3.60000000E+10      1.48000000E+02      1.48000000E+02      7.88860905E-31      7.88860905E-31      4.00000000E-01      3.99942944E+08     -1.95639291E-06      4.08791072E+08     -1.97365648E-06
                 826      3.60000000E+10      1.48000000E+02      1.48000000E+02      7.88860905E-31      7.88860905E-31      4.00000000E-01      4.08791072E+08     -2.02747378E-06      4.17639232E+08     -2.04622734E-06
                 827      3.60000000E+10      1.48000000E+02      1.48000000E+02      7.88860905E-31      7.88860905E-31      4.00000000E-01      4.17639232E+08     -2.04622665E-06      4.26487360E+08     -2.06498362E-06
                 828      3.60000000E+10      1.48000000E+02      1.48000000E+02      7.88860905E-31      7.88860905E-31      4.00000000E-01      4.26487360E+08     -2.06498271E-06      4.35335520E+08     -2.08372899E-06
                 829      3.60000000E+10      1.48000000E+02      1.48000000E+02      7.88860905E-31      7.88860905E-31      4.00000000E-01      4.35335520E+08     -2.08373103E-06      4.44183648E+08     -2.10248800E-06
                 830      3.60000000E+10      1.48000000E+02      1.48000000E+02      7.88860905E-31      7.88860905E-31      4.00000000E-01      4.44183648E+08     -2.10248527E-06      4.53031808E+08     -2.12124223E-06
                 831      3.60000000E+10      1.48000000E+02      1.48000000E+02      7.88860905E-31      7.88860905E-31      4.00000000E-01      1.88678096E+08     -1.15150146E-06      1.97308112E+08     -1.16448109E-06
                 832      3.60000000E+10      1.48000000E+02      1.48000000E+02      7.88860905E-31      7.88860905E-31      4.00000000E-01      1.97308112E+08     -1.16448450E-06      2.05938144E+08     -1.17746424E-06
                 833      3.60000000E+10      1.48000000E+02      1.48000000E+02      7.88860905E-31      7.88860905E-31      4.00000000E-01      2.05938144E+08     -1.17746185E-06      2.14568160E+08     -1.19044535E-06
                 834      3.60000000E+10      1.48000000E+02      1.48000000E+02      7.88860905E-31      7.88860905E-31      4.00000000E-01      2.14568160E+08     -1.19044296E-06      2.23198176E+08     -1.20342270E-06
                 835      3.60000000E+10      1.48000000E+02      1.48000000E+02      7.88860905E-31      7.88860905E-31      4.00000000E-01      2.23198176E+08     -1.20342213E-06      2.31828192E+08     -1.21640562E-06
                 836      3.60000000E+10      1.48000000E+02      1.48000000E+02      7.88860905E-31      7.88860905E-31      4.00000000E-01      2.31828192E+08     -1.26927216E-06      2.40676336E+08     -1.28365275E-06
                 837      3.60000000E+10      1.48000000E+02      1.48000000E+02      7.88860905E-31      7.88860905E-31      4.00000000E-01      2.40676336E+08     -1.28364979E-06      2.49524480E+08     -1.29803016E-06
                 838      3.60000000E+10      1.48000000E+02      1.48000000E+02      7.88860905E-31      7.88860905E-31      4.00000000E-01      2.49524480E+08     -1.29803072E-06      2.58372624E+08     -1.31239949E-06
                 839      3.60000000E+10      1.48000000E+02      1.48000000E+02      7.88860905E-31      7.88860905E-31      4.00000000E-01      2.58372624E+08     -1.31240415E-06      2.67220768E+08     -1.32678076E-06
                 840      3.60000000E+10      1.48000000E+02      1.48000000E+02      7.88860905E-31      7.88860905E-31      4.00000000E-01      2.67220768E+08     -1.32678201E-06      2.76068928E+08     -1.34115078E-06
                 841      3.60000000E+10      1.48000000E+02      1.48000000E+02      7.88860905E-31      7.88860905E-31      4.00000000E-01      2.76068928E+08     -1.39455744E-06      2.84917056E+08     -1.41052089E-06
                 842      3.60000000E+10      1.48000000E+02      1.48000000E+02      7.88860905E-31      7.88860905E-31      4.00000000E-01      2.84917056E+08     -1.41052089E-06      2.93765216E+08     -1.42647684E-06
                 843      3.60000000E+10      1.48000000E+02      1.48000000E+02      7.88860905E-31      7.88860905E-31      4.00000000E-01      2.93765216E+08     -1.42647684E-06      3.02613344E+08     -1.44244041E-06
                 844      3.60000000E+10      1.48000000E+02      1.48000000E+02      7.88860905E-31      7.88860905E-31      4.00000000E-01      3.02613344E+08     -1.44243825E-06      3.11461504E+08     -1.45839817E-06
                 845      3.60000000E+10      1.48000000E+02      1.48000000E+02      7.88860905E-31      7.88860905E-31      4.00000000E-01      3.11461504E+08     -1.45839920E-06      3.20309632E+08     -1.47436276E-06
                 846      3.60000000E+10      1.48000000E+02      1.48000000E+02      7.88860905E-31      7.88860905E-31      9.81411738E+00     -8.60402240E+07     -1.24975795E+09     -8.62983760E+07     -1.01014938E+09
                 847      3.60000000E+10      1.48000000E+02      1.48000000E+02      7.88860905E-31      7.88860905E-31      9.81411738E+00     -8.62983760E+07     -1.01014938E+09     -6.18249520E+07     -7.70540864E+08
                 848      3.60000000E+10      1.48000000E+02      1.48000000E+02      7.88860905E-31      7.88860905E-31      9.81411738E+00     -6.18249520E+07     -7.70540864E+08     -1.26199480E+07     -5.30932352E+08
                 849      3.60000000E+10      1.48000000E+02      1.48000000E+02      7.88860905E-31      7.88860905E-31      9.81411738E+00     -1.26199480E+07     -5.30932352E+08      6.13166360E+07     -2.91323808E+08
                 850      3.60000000E+10      1.48000000E+02      1.48000000E+02      7.88860905E-31      7.88860905E-31      9.81411738E+00      6.13166360E+07     -2.91323808E+08      1.59984800E+08     -5.17153000E+07
                 851      3.60000000E+10      1.48000000E+02      1.48000000E+02      7.88860905E-31      7.88860905E-31      9.81411738E+00     -8.60402240E+07      1.24975795E+09     -8.62983760E+07      1.01014938E+09
                 852      3.60000000E+10      1.48000000E+02      1.48000000E+02      7.88860905E-31      7.88860905E-31      9.81411738E+00     -8.62983760E+07      1.01014938E+09     -6.18249520E+07      7.70540864E+08
                 853      3.60000000E+10      1.48000000E+02      1.48000000E+02      7.88860905E-31      7.88860905E-31      9.81411738E+00     -6.18249520E+07      7.70540864E+08     -1.26199480E+07      5.30932352E+08
                 854      3.60000000E+10      1.48000000E+02      1.48000000E+02      7.88860905E-31      7.88860905E-31      9.81411738E+00     -1.26199480E+07      5.30932352E+08      6.13166360E+07      2.91323808E+08
                 855      3.60000000E+10      1.48000000E+02      1.48000000E+02      7.88860905E-31      7.88860905E-31      9.81411738E+00      6.13166360E+07      2.91323808E+08      1.59984800E+08      5.17153000E+07
                 856      3.60000000E+10      1.48000000E+02      1.48000000E+02      7.88860905E-31      7.88860905E-31      4.70000000E+00      2.99296544E+08     -1.22577185E-05      6.97985600E+07     -1.29638311E-05
                 857      3.60000000E+10      1.48000000E+02      1.48000000E+02      7.88860905E-31      7.88860905E-31      4.70000000E+00      6.97985600E+07     -1.29638311E-05     -1.59699424E+08     -1.36699446E-05
                 858      3.60000000E+10      1.48000000E+02      1.48000000E+02      7.88860905E-31      7.88860905E-31      4.70000000E+00     -1.59699424E+08     -1.36699446E-05     -3.89197408E+08     -1.43760572E-05
                 859      3.60000000E+10      1.48000000E+02      1.48000000E+02      7.88860905E-31      7.88860905E-31      4.70000000E+00     -3.89197408E+08     -1.43760572E-05     -6.18695360E+08     -1.50821706E-05
                 860      3.60000000E+10      1.48000000E+02      1.48000000E+02      7.88860905E-31      7.88860905E-31      4.70000000E+00     -6.18695360E+08     -1.50821706E-05     -8.48193344E+08     -1.57882841E-05
                 861      3.60000000E+10      1.48000000E+02      1.48000000E+02      7.88860905E-31      7.88860905E-31      1.92000000E+00      4.53031808E+08     -2.17249340E-06      4.95502880E+08     -2.26541579E-06
                 862      3.60000000E+10      1.48000000E+02      1.48000000E+02      7.88860905E-31      7.88860905E-31      1.92000000E+00      4.95502880E+08     -2.26541465E-06      5.37973952E+08     -2.35833704E-06
                 863      3.60000000E+10      1.48000000E+02      1.48000000E+02      7.88860905E-31      7.88860905E-31      1.92000000E+00      5.37973952E+08     -2.35833750E-06      5.80445056E+08     -2.45125807E-06
                 864      3.60000000E+10      1.48000000E+02      1.48000000E+02      7.88860905E-31      7.88860905E-31      1.92000000E+00      5.80445056E+08     -2.45125921E-06      6.22916160E+08     -2.54417910E-06
                 865      3.60000000E+10      1.48000000E+02      1.48000000E+02      7.88860905E-31      7.88860905E-31      1.92000000E+00      6.22916160E+08     -2.54417887E-06      6.65387264E+08     -2.63710103E-06
                 866      3.60000000E+10      1.48000000E+02      1.48000000E+02      7.88860905E-31      7.88860905E-31      1.68033598E+01      7.28184800E+07     -3.04469984E+08     -1.00404310E+07     -4.90318176E+08
                 867      3.60000000E+10      1.48000000E+02      1.48000000E+02      7.88860905E-31      7.88860905E-31      1.68033598E+01     -1.00404310E+07     -4.90318176E+08     -5.05548720E+07     -6.76166336E+08
                 868      3.60000000E+10      1.48000000E+02      1.48000000E+02      7.88860905E-31      7.88860905E-31      1.68033598E+01     -5.05548720E+07     -6.76166336E+08     -4.87248360E+07     -8.62014528E+08
                 869      3.60000000E+10      1.48000000E+02      1.48000000E+02      7.88860905E-31      7.88860905E-31      1.68033598E+01     -4.87248360E+07     -8.62014528E+08     -4.55032550E+06     -1.04786272E+09
                 870      3.60000000E+10      1.48000000E+02      1.48000000E+02      7.88860905E-31      7.88860905E-31      1.68033598E+01     -4.55032550E+06     -1.04786272E+09      8.19686560E+07     -1.23371085E+09
                 871      3.60000000E+10      1.48000000E+02      1.48000000E+02      7.88860905E-31      7.88860905E-31      1.68033598E+01      7.28184800E+07      3.04469984E+08     -1.00404310E+07      4.90318176E+08
                 872      3.60000000E+10      1.48000000E+02      1.48000000E+02      7.88860905E-31      7.88860905E-31      1.68033598E+01     -1.00404310E+07      4.90318176E+08     -5.05548720E+07      6.76166336E+08
                 873      3.60000000E+10      1.48000000E+02      1.48000000E+02      7.88860905E-31      7.88860905E-31      1.68033598E+01     -5.05548720E+07      6.76166336E+08     -4.87248360E+07      8.62014528E+08
                 874      3.60000000E+10      1.48000000E+02      1.48000000E+02      7.88860905E-31      7.88860905E-31      1.68033598E+01     -4.87248360E+07      8.62014528E+08     -4.55032550E+06      1.04786272E+09
                 875      3.60000000E+10      1.48000000E+02      1.48000000E+02      7.88860905E-31      7.88860905E-31      1.68033598E+01     -4.55032550E+06      1.04786272E+09      8.19686560E+07      1.23371085E+09
                 876      3.60000000E+10      1.48000000E+02      1.48000000E+02      7.88860905E-31      7.88860905E-31      4.00000000E-01      1.47663840E+08     -8.27070039E-07      1.55866688E+08     -8.37259734E-07
                 877      3.60000000E+10      1.48000000E+02      1.48000000E+02      7.88860905E-31      7.88860905E-31      4.00000000E-01      1.55866688E+08     -8.37259734E-07      1.64069536E+08     -8.47449314E-07
                 878      3.60000000E+10      1.48000000E+02      1.48000000E+02      7.88860905E-31      7.88860905E-31      4.00000000E-01      1.64069536E+08     -8.47451020E-07      1.72272400E+08     -8.57640600E-07
                 879      3.60000000E+10      1.48000000E+02      1.48000000E+02      7.88860905E-31      7.88860905E-31      4.00000000E-01      1.72272400E+08     -8.57639975E-07      1.80475248E+08     -8.67833648E-07
                 880      3.60000000E+10      1.48000000E+02      1.48000000E+02      7.88860905E-31      7.88860905E-31      4.00000000E-01      1.80475248E+08     -8.67834956E-07      1.88678096E+08     -8.78012202E-07
                 881      3.60000000E+10      1.48000000E+02      1.48000000E+02      7.88860905E-31      7.88860905E-31      2.73000000E+00     -3.92940160E+07      5.12804850E+06     -4.07568480E+07     -9.17183120E+07
                 882      3.60000000E+10      1.48000000E+02      1.48000000E+02      7.88860905E-31      7.88860905E-31      2.73000000E+00     -4.07568480E+07     -9.17183120E+07     -3.77479360E+07     -1.88564672E+08
                 883      3.60000000E+10      1.48000000E+02      1.48000000E+02      7.88860905E-31      7.88860905E-31      2.73000000E+00     -3.77479360E+07     -1.88564672E+08     -3.02672820E+07     -2.85411040E+08
                 884      3.60000000E+10      1.48000000E+02      1.48000000E+02      7.88860905E-31      7.88860905E-31      2.73000000E+00     -3.02672820E+07     -2.85411040E+08     -1.83148880E+07     -3.82257408E+08
                 885      3.60000000E+10      1.48000000E+02      1.48000000E+02      7.88860905E-31      7.88860905E-31      2.73000000E+00     -1.83148880E+07     -3.82257408E+08     -1.89075262E+06     -4.79103776E+08
                 886      3.60000000E+10      1.48000000E+02      1.48000000E+02      7.88860905E-31      7.88860905E-31      1.04000000E+00      8.45757222E-06     -8.98030240E-13     -3.15640900E-05      4.48187494E-12
                 887      3.60000000E+10      1.48000000E+02      1.48000000E+02      7.88860905E-31      7.88860905E-31      1.04000000E+00     -4.28907260E-05      2.90101059E-12     -1.48755644E-05      2.35888186E-13
                 888      3.60000000E+10      1.48000000E+02      1.48000000E+02      7.88860905E-31      7.88860905E-31      1.04000000E+00      4.23193855E-29      1.76295350E-12      4.07299246E-29      1.69673921E-12
                 889      3.60000000E+10      1.48000000E+02      1.48000000E+02      7.88860905E-31      7.88860905E-31      1.04000000E+00      1.18406006E-05      1.65535554E-12     -4.41897246E-05      1.48981999E-12
                 890      3.60000000E+10      1.48000000E+02      1.48000000E+02      7.88860905E-31      7.88860905E-31      1.04000000E+00     -1.69151440E-06     -4.80052901E-13      6.31281773E-06      4.51912032E-12
                 891      3.60000000E+10      1.48000000E+02      1.48000000E+02      7.88860905E-31      7.88860905E-31      1.40000000E+00     -6.40346552E-05      3.23409160E-12      6.40346552E-05      5.54591399E-12
                 892      3.60000000E+10      1.48000000E+02      1.48000000E+02      7.88860905E-31      7.88860905E-31      1.40000000E+00     -3.87833861E-05      5.14933799E-12      5.72686004E-05      4.96488397E-12
                 893      3.60000000E+10      1.48000000E+02      1.48000000E+02      7.88860905E-31      7.88860905E-31      1.40000000E+00     -3.03258148E-05      3.88890309E-12      2.57045103E-05      3.60607356E-12
                 894      3.60000000E+10      1.48000000E+02      1.48000000E+02      7.88860905E-31      7.88860905E-31      1.40000000E+00     -3.62461142E-05      2.59465149E-12      4.77993744E-05      2.27493133E-12
                 895      3.60000000E+10      1.48000000E+02      1.48000000E+02      7.88860905E-31      7.88860905E-31      1.40000000E+00     -4.62737553E-05      1.27580596E-12     -2.24992914E-06      9.19195167E-13
                 896      3.60000000E+10      1.48000000E+02      1.48000000E+02      7.88860905E-31      7.88860905E-31      1.47000000E+00     -3.90294160E+07      5.12804850E+06     -3.63895400E+07      5.72760920E+07
                 897      3.60000000E+10      1.48000000E+02      1.48000000E+02      7.88860905E-31      7.88860905E-31      1.47000000E+00     -3.63895400E+07      5.72760920E+07     -3.24531220E+07      1.09424136E+08
                 898      3.60000000E+10      1.48000000E+02      1.48000000E+02      7.88860905E-31      7.88860905E-31      1.47000000E+00     -3.24531220E+07      1.09424136E+08     -2.72201640E+07      1.61572176E+08
                 899      3.60000000E+10      1.48000000E+02      1.48000000E+02      7.88860905E-31      7.88860905E-31      1.47000000E+00     -2.72201640E+07      1.61572176E+08     -2.06906660E+07      2.13720224E+08
                 900      3.60000000E+10      1.48000000E+02      1.48000000E+02      7.88860905E-31      7.88860905E-31      1.47000000E+00     -2.06906660E+07      2.13720224E+08     -1.28646290E+07      2.65868256E+08
                 901      3.60000000E+10      1.48000000E+02      1.48000000E+02      7.88860905E-31      7.88860905E-31      2.73000000E+00     -1.89075262E+06     -4.79103776E+08     -1.83148880E+07     -3.82257408E+08
                 902      3.60000000E+10      1.48000000E+02      1.48000000E+02      7.88860905E-31      7.88860905E-31      2.73000000E+00     -1.83148880E+07     -3.82257408E+08     -3.02672820E+07     -2.85411040E+08
                 903      3.60000000E+10      1.48000000E+02      1.48000000E+02      7.88860905E-31      7.88860905E-31      2.73000000E+00     -3.02672820E+07     -2.85411040E+08     -3.77479360E+07     -1.88564672E+08
                 904      3.60000000E+10      1.48000000E+02      1.48000000E+02      7.88860905E-31      7.88860905E-31      2.73000000E+00     -3.77479360E+07     -1.88564672E+08     -4.07568480E+07     -9.17183120E+07
                 905      3.60000000E+10      1.48000000E+02      1.48000000E+02      7.88860905E-31      7.88860905E-31      2.73000000E+00     -4.07568480E+07     -9.17183120E+07     -3.92940160E+07      5.12804850E+06
                 906      3.60000000E+10      1.48000000E+02      1.48000000E+02      7.88860905E-31      7.88860905E-31      1.47000000E+00     -1.28646290E+07      2.65868256E+08     -2.06906660E+07      2.13720224E+08
                 907      3.60000000E+10      1.48000000E+02      1.48000000E+02      7.88860905E-31      7.88860905E-31      1.47000000E+00     -2.06906660E+07      2.13720224E+08     -2.72201640E+07      1.61572176E+08
                 908      3.60000000E+10      1.48000000E+02      1.48000000E+02      7.88860905E-31      7.88860905E-31      1.47000000E+00     -2.72201640E+07      1.61572176E+08     -3.24531220E+07      1.09424136E+08
                 909      3.60000000E+10      1.48000000E+02      1.48000000E+02      7.88860905E-31      7.88860905E-31      1.47000000E+00     -3.24531220E+07      1.09424136E+08     -3.63895400E+07      5.72760920E+07
                 910      3.60000000E+10      1.48000000E+02      1.48000000E+02      7.88860905E-31      7.88860905E-31      1.47000000E+00     -3.63895400E+07      5.72760920E+07     -3.90294160E+07      5.12804850E+06
                 911      3.60000000E+10      1.48000000E+02      1.48000000E+02      7.88860905E-31      7.88860905E-31      4.00000000E-01      4.72732760E+07     -5.28554096E-07      5.30217920E+07     -5.35590289E-07
                 912      3.60000000E+10      1.48000000E+02      1.48000000E+02      7.88860905E-31      7.88860905E-31      4.00000000E-01      5.30217920E+07     -5.35588924E-07      5.87703040E+07     -5.42616192E-07
                 913      3.60000000E+10      1.48000000E+02      1.48000000E+02      7.88860905E-31      7.88860905E-31      4.00000000E-01      5.87703040E+07     -5.42616306E-07      6.45188200E+07     -5.49643460E-07
                 914      3.60000000E+10      1.48000000E+02      1.48000000E+02      7.88860905E-31      7.88860905E-31      4.00000000E-01      6.45188200E+07     -5.49644881E-07      7.02673360E+07     -5.56663565E-07
                 915      3.60000000E+10      1.48000000E+02      1.48000000E+02      7.88860905E-31      7.88860905E-31      4.00000000E-01      7.02673360E+07     -5.56668738E-07      7.60158480E+07     -5.63696119E-07
                 916      3.60000000E+10      1.48000000E+02      1.48000000E+02      7.88860905E-31      7.88860905E-31      4.00000000E-01      7.60158480E+07     -6.23627329E-07      8.27703760E+07     -6.32377748E-07
                 917      3.60000000E+10      1.48000000E+02      1.48000000E+02      7.88860905E-31      7.88860905E-31      4.00000000E-01      8.27703760E+07     -6.32373997E-07      8.95248960E+07     -6.41124245E-07
                 918      3.60000000E+10      1.48000000E+02      1.48000000E+02      7.88860905E-31      7.88860905E-31      4.00000000E-01      8.95248960E+07     -6.41125723E-07      9.62794240E+07     -6.49867502E-07
                 919      3.60000000E+10      1.48000000E+02      1.48000000E+02      7.88860905E-31      7.88860905E-31      4.00000000E-01      9.62794240E+07     -6.49869378E-07      1.03033944E+08     -6.58628494E-07
                 920      3.60000000E+10      1.48000000E+02      1.48000000E+02      7.88860905E-31      7.88860905E-31      4.00000000E-01      1.03033944E+08     -6.58627016E-07      1.09788472E+08     -6.67377719E-07
                 921      3.60000000E+10      1.48000000E+02      1.48000000E+02      7.88860905E-31      7.88860905E-31      4.00000000E-01      1.09788472E+08     -7.26651990E-07      1.17363544E+08     -7.35394053E-07
                 922      3.60000000E+10      1.48000000E+02      1.48000000E+02      7.88860905E-31      7.88860905E-31      4.00000000E-01      1.17363544E+08     -7.35402239E-07      1.24938616E+08     -7.44135946E-07
                 923      3.60000000E+10      1.48000000E+02      1.48000000E+02      7.88860905E-31      7.88860905E-31      4.00000000E-01      1.24938616E+08     -7.44141573E-07      1.32513696E+08     -7.52887900E-07
                 924      3.60000000E+10      1.48000000E+02      1.48000000E+02      7.88860905E-31      7.88860905E-31      4.00000000E-01      1.32513696E+08     -7.52886763E-07      1.40088768E+08     -7.61628712E-07
                 925      3.60000000E+10      1.48000000E+02      1.48000000E+02      7.88860905E-31      7.88860905E-31      4.00000000E-01      1.40088768E+08     -7.61630645E-07      1.47663840E+08     -7.70380836E-07
                 926      3.60000000E+10      1.48000000E+02      1.48000000E+02      7.88860905E-31      7.88860905E-31      4.00000000E-01      1.08428263E-04     -5.96143650E-08      1.68381275E+06     -6.12537647E-08
                 927      3.60000000E+10      1.48000000E+02      1.48000000E+02      7.88860905E-31      7.88860905E-31      4.00000000E-01      1.68381275E+06     -6.12466238E-08      3.36762550E+06     -6.28859382E-08
                 928      3.60000000E+10      1.48000000E+02      1.48000000E+02      7.88860905E-31      7.88860905E-31      4.00000000E-01      3.36762550E+06     -6.28817816E-08      5.05143850E+06     -6.45023306E-08
                 929      3.60000000E+10      1.48000000E+02      1.48000000E+02      7.88860905E-31      7.88860905E-31      4.00000000E-01      5.05143850E+06     -6.45063025E-08      6.73525100E+06     -6.61457520E-08
                 930      3.60000000E+10      1.48000000E+02      1.48000000E+02      7.88860905E-31      7.88860905E-31      4.00000000E-01      6.73525100E+06     -6.61387247E-08      8.41906400E+06     -6.77780392E-08
                 931      3.60000000E+10      1.48000000E+02      1.48000000E+02      7.88860905E-31      7.88860905E-31      4.00000000E-01      8.41906400E+06     -1.24490327E-07      1.16260380E+07     -1.26632457E-07
                 932      3.60000000E+10      1.48000000E+02      1.48000000E+02      7.88860905E-31      7.88860905E-31      4.00000000E-01      1.16260380E+07     -1.26633878E-07      1.48330110E+07     -1.28766615E-07
                 933      3.60000000E+10      1.48000000E+02      1.48000000E+02      7.88860905E-31      7.88860905E-31      4.00000000E-01      1.48330110E+07     -1.28766658E-07      1.80399840E+07     -1.30917982E-07
                 934      3.60000000E+10      1.48000000E+02      1.48000000E+02      7.88860905E-31      7.88860905E-31      4.00000000E-01      1.80399840E+07     -1.30911133E-07      2.12469580E+07     -1.33062585E-07
                 935      3.60000000E+10      1.48000000E+02      1.48000000E+02      7.88860905E-31      7.88860905E-31      4.00000000E-01      2.12469580E+07     -1.33061150E-07      2.44539320E+07     -1.35203393E-07
                 936      3.60000000E+10      1.48000000E+02      1.48000000E+02      7.88860905E-31      7.88860905E-31      4.00000000E-01      2.44539320E+07     -1.87541772E-07      2.90178000E+07     -1.91775399E-07
                 937      3.60000000E+10      1.48000000E+02      1.48000000E+02      7.88860905E-31      7.88860905E-31      4.00000000E-01      2.90178000E+07     -1.91775484E-07      3.35816680E+07     -1.96008926E-07
                 938      3.60000000E+10      1.48000000E+02      1.48000000E+02      7.88860905E-31      7.88860905E-31      4.00000000E-01      3.35816680E+07     -1.96008955E-07      3.81455400E+07     -2.00242368E-07
                 939      3.60000000E+10      1.48000000E+02      1.48000000E+02      7.88860905E-31      7.88860905E-31      4.00000000E-01      3.81455400E+07     -2.00242383E-07      4.27094080E+07     -2.04475739E-07
                 940      3.60000000E+10      1.48000000E+02      1.48000000E+02      7.88860905E-31      7.88860905E-31      4.00000000E-01      4.27094080E+07     -2.04475725E-07      4.72732760E+07     -2.08709253E-07
