      1.81059110E+09
      1.81034675E+09
      1.81010253E+09
      1.80985856E+09
      1.80961485E+09
      1.80937139E+09
      1.80912806E+09
      1.80888499E+09
      1.80864218E+09
      1.80839962E+09
      1.80815718E+09
      1.80791501E+09
      1.80767309E+09
      1.80743130E+09
      1.80718989E+09
      1.80694861E+09
      1.80670746E+09
      1.80646669E+09
      1.80622605E+09
      1.80598566E+09
      1.80574541E+09
      1.80550554E+09
      1.80526579E+09
      1.80502630E+09
      1.77673702E+09
      1.77652109E+09
      1.75082880E+09
      1.75063859E+09
      1.72821363E+09
      1.72804890E+09
      1.70919078E+09
      1.70905126E+09
      1.69246758E+09
      1.69235328E+09
      1.67939802E+09
      1.67930842E+09
      1.66908250E+09
      1.66901850E+09
      1.66195341E+09
      1.66191386E+09
      1.65787187E+09
      1.65785792E+09
      1.65726106E+09
      1.65727130E+09
      1.65974989E+09
      1.65978483E+09
      1.66556557E+09
      1.66562598E+09
      1.67472589E+09
      1.67481178E+09
      1.68623078E+09
      1.68634074E+09
      1.70187942E+09
      1.70201536E+09
      1.72032166E+09
      1.72048307E+09
      1.74151718E+09
      1.74170355E+09
      1.76494400E+09
      1.76515507E+09
      1.79100032E+09
      1.79123622E+09
      1.81909120E+09
      1.81935155E+09
      1.85014349E+09
      1.85042867E+09
      1.88371046E+09
      1.88402048E+09
      1.88433357E+09
      1.88464678E+09
      1.88496038E+09
      1.88527411E+09
      1.88558810E+09
      1.88590234E+09
      1.88621683E+09
      1.88653158E+09
      1.88684646E+09
      1.88716160E+09
      1.88747712E+09
      1.88779277E+09
      1.88810867E+09
      1.88842470E+09
      1.88874112E+09
      1.88905779E+09
      1.88937459E+09
      1.88969165E+09
      1.89000896E+09
      1.89032653E+09
      1.89064435E+09
      1.89096230E+09
      1.89128064E+09
      1.89159910E+09
