                 691      3.60000000E+10      1.48000000E+02      1.48000000E+02      7.88860905E-31      7.88860905E-31      4.00000000E-01     -3.20309632E+08     -4.59699798E-08     -3.29157792E+08     -4.68739607E-08
                 692      3.60000000E+10      1.48000000E+02      1.48000000E+02      7.88860905E-31      7.88860905E-31      4.00000000E-01     -3.29157792E+08     -4.68739607E-08     -3.38005920E+08     -4.77783928E-08
                 693      3.60000000E+10      1.48000000E+02      1.48000000E+02      7.88860905E-31      7.88860905E-31      4.00000000E-01     -3.38005920E+08     -4.77783573E-08     -3.46854080E+08     -4.86825584E-08
                 694      3.60000000E+10      1.48000000E+02      1.48000000E+02      7.88860905E-31      7.88860905E-31      4.00000000E-01     -3.46854080E+08     -4.86825940E-08     -3.55702208E+08     -4.95865677E-08
                 695      3.60000000E+10      1.48000000E+02      1.48000000E+02      7.88860905E-31      7.88860905E-31      4.00000000E-01     -3.55702208E+08     -4.95865073E-08     -3.64550368E+08     -5.04907050E-08
                 696      3.60000000E+10      1.48000000E+02      1.48000000E+02      7.88860905E-31      7.88860905E-31      4.00000000E-01     -3.64550368E+08     -6.24071674E-08     -3.73398496E+08     -6.34049329E-08
                 697      3.60000000E+10      1.48000000E+02      1.48000000E+02      7.88860905E-31      7.88860905E-31      4.00000000E-01     -3.73398496E+08     -6.34048192E-08     -3.82246656E+08     -6.44023643E-08
                 698      3.60000000E+10      1.48000000E+02      1.48000000E+02      7.88860905E-31      7.88860905E-31      4.00000000E-01     -3.82246656E+08     -6.44022364E-08     -3.91094784E+08     -6.53995613E-08
                 699      3.60000000E+10      1.48000000E+02      1.48000000E+02      7.88860905E-31      7.88860905E-31      4.00000000E-01     -3.91094784E+08     -6.53996892E-08     -3.99942944E+08     -6.63968009E-08
                 700      3.60000000E+10      1.48000000E+02      1.48000000E+02      7.88860905E-31      7.88860905E-31      4.00000000E-01     -3.99942944E+08     -6.63968365E-08     -4.08791072E+08     -6.73941614E-08
                 701      3.60000000E+10      1.48000000E+02      1.48000000E+02      7.88860905E-31      7.88860905E-31      4.00000000E-01     -4.08791072E+08     -6.75758471E-08     -4.17639232E+08     -6.86692943E-08
                 702      3.60000000E+10      1.48000000E+02      1.48000000E+02      7.88860905E-31      7.88860905E-31      4.00000000E-01     -4.17639232E+08     -6.86692587E-08     -4.26487360E+08     -6.97629119E-08
                 703      3.60000000E+10      1.48000000E+02      1.48000000E+02      7.88860905E-31      7.88860905E-31      4.00000000E-01     -4.26487360E+08     -6.97628550E-08     -4.35335520E+08     -7.08558687E-08
                 704      3.60000000E+10      1.48000000E+02      1.48000000E+02      7.88860905E-31      7.88860905E-31      4.00000000E-01     -4.35335520E+08     -7.08559895E-08     -4.44183648E+08     -7.19496569E-08
                 705      3.60000000E+10      1.48000000E+02      1.48000000E+02      7.88860905E-31      7.88860905E-31      4.00000000E-01     -4.44183648E+08     -7.19494864E-08     -4.53031808E+08     -7.30431466E-08
                 706      3.60000000E+10      1.48000000E+02      1.48000000E+02      7.88860905E-31      7.88860905E-31      4.00000000E-01     -1.88678096E+08     -4.24839612E-08     -1.97308112E+08     -4.31027765E-08
                 707      3.60000000E+10      1.48000000E+02      1.48000000E+02      7.88860905E-31      7.88860905E-31      4.00000000E-01     -1.97308112E+08     -4.31029754E-08     -2.05938144E+08     -4.37217942E-08
                 708      3.60000000E+10      1.48000000E+02      1.48000000E+02      7.88860905E-31      7.88860905E-31      4.00000000E-01     -2.05938144E+08     -4.37216556E-08     -2.14568160E+08     -4.43407018E-08
                 709      3.60000000E+10      1.48000000E+02      1.48000000E+02      7.88860905E-31      7.88860905E-31      4.00000000E-01     -2.14568160E+08     -4.43405632E-08     -2.23198176E+08     -4.49593820E-08
                 710      3.60000000E+10      1.48000000E+02      1.48000000E+02      7.88860905E-31      7.88860905E-31      4.00000000E-01     -2.23198176E+08     -4.49593429E-08     -2.31828192E+08     -4.55783891E-08
                 711      3.60000000E+10      1.48000000E+02      1.48000000E+02      7.88860905E-31      7.88860905E-31      4.00000000E-01     -2.31828192E+08     -4.35248211E-08     -2.40676336E+08     -4.42369910E-08
                 712      3.60000000E+10      1.48000000E+02      1.48000000E+02      7.88860905E-31      7.88860905E-31      4.00000000E-01     -2.40676336E+08     -4.42368240E-08     -2.49524480E+08     -4.49489903E-08
                 713      3.60000000E+10      1.48000000E+02      1.48000000E+02      7.88860905E-31      7.88860905E-31      4.00000000E-01     -2.49524480E+08     -4.49490294E-08     -2.58372624E+08     -4.56605207E-08
                 714      3.60000000E+10      1.48000000E+02      1.48000000E+02      7.88860905E-31      7.88860905E-31      4.00000000E-01     -2.58372624E+08     -4.56607836E-08     -2.67220768E+08     -4.63727368E-08
                 715      3.60000000E+10      1.48000000E+02      1.48000000E+02      7.88860905E-31      7.88860905E-31      4.00000000E-01     -2.67220768E+08     -4.63728114E-08     -2.76068928E+08     -4.70843062E-08
                 716      3.60000000E+10      1.48000000E+02      1.48000000E+02      7.88860905E-31      7.88860905E-31      4.00000000E-01     -2.76068928E+08     -4.15826911E-08     -2.84917056E+08     -4.23939817E-08
                 717      3.60000000E+10      1.48000000E+02      1.48000000E+02      7.88860905E-31      7.88860905E-31      4.00000000E-01     -2.84917056E+08     -4.23939781E-08     -2.93765216E+08     -4.32048211E-08
                 718      3.60000000E+10      1.48000000E+02      1.48000000E+02      7.88860905E-31      7.88860905E-31      4.00000000E-01     -2.93765216E+08     -4.32048211E-08     -3.02613344E+08     -4.40161152E-08
                 719      3.60000000E+10      1.48000000E+02      1.48000000E+02      7.88860905E-31      7.88860905E-31      4.00000000E-01     -3.02613344E+08     -4.40159837E-08     -3.11461504E+08     -4.48270576E-08
                 720      3.60000000E+10      1.48000000E+02      1.48000000E+02      7.88860905E-31      7.88860905E-31      4.00000000E-01     -3.11461504E+08     -4.48271216E-08     -3.20309632E+08     -4.56384086E-08
                 721      3.60000000E+10      1.48000000E+02      1.48000000E+02      7.88860905E-31      7.88860905E-31      9.81411738E+00     -8.60402240E+07      1.24975795E+09     -8.62983760E+07      1.01014938E+09
                 722      3.60000000E+10      1.48000000E+02      1.48000000E+02      7.88860905E-31      7.88860905E-31      9.81411738E+00     -8.62983760E+07      1.01014938E+09     -6.18249520E+07      7.70540864E+08
                 723      3.60000000E+10      1.48000000E+02      1.48000000E+02      7.88860905E-31      7.88860905E-31      9.81411738E+00     -6.18249520E+07      7.70540864E+08     -1.26199480E+07      5.30932352E+08
                 724      3.60000000E+10      1.48000000E+02      1.48000000E+02      7.88860905E-31      7.88860905E-31      9.81411738E+00     -1.26199480E+07      5.30932352E+08      6.13166360E+07      2.91323808E+08
                 725      3.60000000E+10      1.48000000E+02      1.48000000E+02      7.88860905E-31      7.88860905E-31      9.81411738E+00      6.13166360E+07      2.91323808E+08      1.59984800E+08      5.17153000E+07
                 726      3.60000000E+10      1.48000000E+02      1.48000000E+02      7.88860905E-31      7.88860905E-31      9.81411738E+00     -8.60402240E+07     -1.24975795E+09     -8.62983760E+07     -1.01014938E+09
                 727      3.60000000E+10      1.48000000E+02      1.48000000E+02      7.88860905E-31      7.88860905E-31      9.81411738E+00     -8.62983760E+07     -1.01014938E+09     -6.18249520E+07     -7.70540864E+08
                 728      3.60000000E+10      1.48000000E+02      1.48000000E+02      7.88860905E-31      7.88860905E-31      9.81411738E+00     -6.18249520E+07     -7.70540864E+08     -1.26199480E+07     -5.30932352E+08
                 729      3.60000000E+10      1.48000000E+02      1.48000000E+02      7.88860905E-31      7.88860905E-31      9.81411738E+00     -1.26199480E+07     -5.30932352E+08      6.13166360E+07     -2.91323808E+08
                 730      3.60000000E+10      1.48000000E+02      1.48000000E+02      7.88860905E-31      7.88860905E-31      9.81411738E+00      6.13166360E+07     -2.91323808E+08      1.59984800E+08     -5.17153000E+07
                 731      3.60000000E+10      1.48000000E+02      1.48000000E+02      7.88860905E-31      7.88860905E-31      4.70000000E+00     -2.99296544E+08     -9.63265279E-07     -6.97985600E+07     -1.07478286E-06
                 732      3.60000000E+10      1.48000000E+02      1.48000000E+02      7.88860905E-31      7.88860905E-31      4.70000000E+00     -6.97985600E+07     -1.07478286E-06      1.59699424E+08     -1.18630044E-06
                 733      3.60000000E+10      1.48000000E+02      1.48000000E+02      7.88860905E-31      7.88860905E-31      4.70000000E+00      1.59699424E+08     -1.18630044E-06      3.89197408E+08     -1.29781802E-06
                 734      3.60000000E+10      1.48000000E+02      1.48000000E+02      7.88860905E-31      7.88860905E-31      4.70000000E+00      3.89197408E+08     -1.29781802E-06      6.18695360E+08     -1.40933548E-06
                 735      3.60000000E+10      1.48000000E+02      1.48000000E+02      7.88860905E-31      7.88860905E-31      4.70000000E+00      6.18695360E+08     -1.40933548E-06      8.48193344E+08     -1.52085306E-06
                 736      3.60000000E+10      1.48000000E+02      1.48000000E+02      7.88860905E-31      7.88860905E-31      1.92000000E+00     -4.53031808E+08     -7.25406295E-08     -4.95502880E+08     -7.86832430E-08
                 737      3.60000000E+10      1.48000000E+02      1.48000000E+02      7.88860905E-31      7.88860905E-31      1.92000000E+00     -4.95502880E+08     -7.86831791E-08     -5.37973952E+08     -8.48257926E-08
                 738      3.60000000E+10      1.48000000E+02      1.48000000E+02      7.88860905E-31      7.88860905E-31      1.92000000E+00     -5.37973952E+08     -8.48258139E-08     -5.80445056E+08     -9.09683209E-08
                 739      3.60000000E+10      1.48000000E+02      1.48000000E+02      7.88860905E-31      7.88860905E-31      1.92000000E+00     -5.80445056E+08     -9.09683919E-08     -6.22916160E+08     -9.71108420E-08
                 740      3.60000000E+10      1.48000000E+02      1.48000000E+02      7.88860905E-31      7.88860905E-31      1.92000000E+00     -6.22916160E+08     -9.71108278E-08     -6.65387264E+08     -1.03253427E-07
                 741      3.60000000E+10      1.48000000E+02      1.48000000E+02      7.88860905E-31      7.88860905E-31      1.68033598E+01      7.28184800E+07      3.04469984E+08     -1.00404310E+07      4.90318176E+08
                 742      3.60000000E+10      1.48000000E+02      1.48000000E+02      7.88860905E-31      7.88860905E-31      1.68033598E+01     -1.00404310E+07      4.90318176E+08     -5.05548720E+07      6.76166336E+08
                 743      3.60000000E+10      1.48000000E+02      1.48000000E+02      7.88860905E-31      7.88860905E-31      1.68033598E+01     -5.05548720E+07      6.76166336E+08     -4.87248360E+07      8.62014528E+08
                 744      3.60000000E+10      1.48000000E+02      1.48000000E+02      7.88860905E-31      7.88860905E-31      1.68033598E+01     -4.87248360E+07      8.62014528E+08     -4.55032550E+06      1.04786272E+09
                 745      3.60000000E+10      1.48000000E+02      1.48000000E+02      7.88860905E-31      7.88860905E-31      1.68033598E+01     -4.55032550E+06      1.04786272E+09      8.19686560E+07      1.23371085E+09
                 746      3.60000000E+10      1.48000000E+02      1.48000000E+02      7.88860905E-31      7.88860905E-31      1.68033598E+01      7.28184800E+07     -3.04469984E+08     -1.00404310E+07     -4.90318176E+08
                 747      3.60000000E+10      1.48000000E+02      1.48000000E+02      7.88860905E-31      7.88860905E-31      1.68033598E+01     -1.00404310E+07     -4.90318176E+08     -5.05548720E+07     -6.76166336E+08
                 748      3.60000000E+10      1.48000000E+02      1.48000000E+02      7.88860905E-31      7.88860905E-31      1.68033598E+01     -5.05548720E+07     -6.76166336E+08     -4.87248360E+07     -8.62014528E+08
                 749      3.60000000E+10      1.48000000E+02      1.48000000E+02      7.88860905E-31      7.88860905E-31      1.68033598E+01     -4.87248360E+07     -8.62014528E+08     -4.55032550E+06     -1.04786272E+09
                 750      3.60000000E+10      1.48000000E+02      1.48000000E+02      7.88860905E-31      7.88860905E-31      1.68033598E+01     -4.55032550E+06     -1.04786272E+09      8.19686560E+07     -1.23371085E+09
                 751      3.60000000E+10      1.48000000E+02      1.48000000E+02      7.88860905E-31      7.88860905E-31      4.00000000E-01     -1.47663840E+08     -2.13115623E-08     -1.55866688E+08     -2.18372627E-08
                 752      3.60000000E+10      1.48000000E+02      1.48000000E+02      7.88860905E-31      7.88860905E-31      4.00000000E-01     -1.55866688E+08     -2.18372627E-08     -1.64069536E+08     -2.23629595E-08
                 753      3.60000000E+10      1.48000000E+02      1.48000000E+02      7.88860905E-31      7.88860905E-31      4.00000000E-01     -1.64069536E+08     -2.23630572E-08     -1.72272400E+08     -2.28887522E-08
                 754      3.60000000E+10      1.48000000E+02      1.48000000E+02      7.88860905E-31      7.88860905E-31      4.00000000E-01     -1.72272400E+08     -2.28887167E-08     -1.80475248E+08     -2.34146391E-08
                 755      3.60000000E+10      1.48000000E+02      1.48000000E+02      7.88860905E-31      7.88860905E-31      4.00000000E-01     -1.80475248E+08     -2.34147102E-08     -1.88678096E+08     -2.39397089E-08
                 756      3.60000000E+10      1.48000000E+02      1.48000000E+02      7.88860905E-31      7.88860905E-31      2.73000000E+00     -3.92940160E+07     -5.12804850E+06     -4.07568480E+07      9.17183120E+07
                 757      3.60000000E+10      1.48000000E+02      1.48000000E+02      7.88860905E-31      7.88860905E-31      2.73000000E+00     -4.07568480E+07      9.17183120E+07     -3.77479360E+07      1.88564672E+08
                 758      3.60000000E+10      1.48000000E+02      1.48000000E+02      7.88860905E-31      7.88860905E-31      2.73000000E+00     -3.77479360E+07      1.88564672E+08     -3.02672820E+07      2.85411040E+08
                 759      3.60000000E+10      1.48000000E+02      1.48000000E+02      7.88860905E-31      7.88860905E-31      2.73000000E+00     -3.02672820E+07      2.85411040E+08     -1.83148880E+07      3.82257408E+08
                 760      3.60000000E+10      1.48000000E+02      1.48000000E+02      7.88860905E-31      7.88860905E-31      2.73000000E+00     -1.83148880E+07      3.82257408E+08     -1.89075262E+06      4.79103776E+08
                 761      3.60000000E+10      1.48000000E+02      1.48000000E+02      7.88860905E-31      7.88860905E-31      1.04000000E+00      5.89601150E-05     -4.43583497E-14     -4.50962034E-05      2.23085019E-13
                 762      3.60000000E+10      1.48000000E+02      1.48000000E+02      7.88860905E-31      7.88860905E-31      1.04000000E+00     -5.92030028E-06      1.44067646E-13      2.20948623E-05      8.53540786E-15
                 763      3.60000000E+10      1.48000000E+02      1.48000000E+02      7.88860905E-31      7.88860905E-31      1.04000000E+00      5.21940565E-05      8.74234428E-14     -1.98449325E-05      8.01812569E-14
                 764      3.60000000E+10      1.48000000E+02      1.48000000E+02      7.88860905E-31      7.88860905E-31      1.04000000E+00      3.38302880E-06      8.08279157E-14     -1.26256355E-05      6.99646301E-14
                 765      3.60000000E+10      1.48000000E+02      1.48000000E+02      7.88860905E-31      7.88860905E-31      1.04000000E+00     -8.45757222E-06     -2.75461433E-14      3.15640900E-05      2.25412842E-13
                 766      3.60000000E+10      1.48000000E+02      1.48000000E+02      7.88860905E-31      7.88860905E-31      1.40000000E+00     -3.28630849E-05      1.59763966E-13      3.51737363E-05      2.77737604E-13
                 767      3.60000000E+10      1.48000000E+02      1.48000000E+02      7.88860905E-31      7.88860905E-31      1.40000000E+00     -4.45822407E-05      2.57755080E-13     -8.56274710E-06      2.44305336E-13
                 768      3.60000000E+10      1.48000000E+02      1.48000000E+02      7.88860905E-31      7.88860905E-31      1.40000000E+00     -5.89601150E-05      1.89353443E-13      4.50962034E-05      1.73598020E-13
                 769      3.60000000E+10      1.48000000E+02      1.48000000E+02      7.88860905E-31      7.88860905E-31      1.40000000E+00      3.03258148E-05      1.19991094E-13     -2.57045103E-05      1.03467114E-13
                 770      3.60000000E+10      1.48000000E+02      1.48000000E+02      7.88860905E-31      7.88860905E-31      1.40000000E+00     -5.38855711E-05      5.04365870E-14      2.61577516E-05      3.31440604E-14
                 771      3.60000000E+10      1.48000000E+02      1.48000000E+02      7.88860905E-31      7.88860905E-31      1.47000000E+00     -3.90294160E+07     -5.12804850E+06     -3.63895400E+07     -5.72760920E+07
                 772      3.60000000E+10      1.48000000E+02      1.48000000E+02      7.88860905E-31      7.88860905E-31      1.47000000E+00     -3.63895400E+07     -5.72760920E+07     -3.24531220E+07     -1.09424136E+08
                 773      3.60000000E+10      1.48000000E+02      1.48000000E+02      7.88860905E-31      7.88860905E-31      1.47000000E+00     -3.24531220E+07     -1.09424136E+08     -2.72201640E+07     -1.61572176E+08
                 774      3.60000000E+10      1.48000000E+02      1.48000000E+02      7.88860905E-31      7.88860905E-31      1.47000000E+00     -2.72201640E+07     -1.61572176E+08     -2.06906660E+07     -2.13720224E+08
                 775      3.60000000E+10      1.48000000E+02      1.48000000E+02      7.88860905E-31      7.88860905E-31      1.47000000E+00     -2.06906660E+07     -2.13720224E+08     -1.28646290E+07     -2.65868256E+08
                 776      3.60000000E+10      1.48000000E+02      1.48000000E+02      7.88860905E-31      7.88860905E-31      2.73000000E+00     -1.89075262E+06      4.79103776E+08     -1.83148880E+07      3.82257408E+08
                 777      3.60000000E+10      1.48000000E+02      1.48000000E+02      7.88860905E-31      7.88860905E-31      2.73000000E+00     -1.83148880E+07      3.82257408E+08     -3.02672820E+07      2.85411040E+08
                 778      3.60000000E+10      1.48000000E+02      1.48000000E+02      7.88860905E-31      7.88860905E-31      2.73000000E+00     -3.02672820E+07      2.85411040E+08     -3.77479360E+07      1.88564672E+08
                 779      3.60000000E+10      1.48000000E+02      1.48000000E+02      7.88860905E-31      7.88860905E-31      2.73000000E+00     -3.77479360E+07      1.88564672E+08     -4.07568480E+07      9.17183120E+07
                 780      3.60000000E+10      1.48000000E+02      1.48000000E+02      7.88860905E-31      7.88860905E-31      2.73000000E+00     -4.07568480E+07      9.17183120E+07     -3.92940160E+07     -5.12804850E+06
                 781      3.60000000E+10      1.48000000E+02      1.48000000E+02      7.88860905E-31      7.88860905E-31      1.47000000E+00     -1.28646290E+07     -2.65868256E+08     -2.06906660E+07     -2.13720224E+08
                 782      3.60000000E+10      1.48000000E+02      1.48000000E+02      7.88860905E-31      7.88860905E-31      1.47000000E+00     -2.06906660E+07     -2.13720224E+08     -2.72201640E+07     -1.61572176E+08
                 783      3.60000000E+10      1.48000000E+02      1.48000000E+02      7.88860905E-31      7.88860905E-31      1.47000000E+00     -2.72201640E+07     -1.61572176E+08     -3.24531220E+07     -1.09424136E+08
                 784      3.60000000E+10      1.48000000E+02      1.48000000E+02      7.88860905E-31      7.88860905E-31      1.47000000E+00     -3.24531220E+07     -1.09424136E+08     -3.63895400E+07     -5.72760920E+07
                 785      3.60000000E+10      1.48000000E+02      1.48000000E+02      7.88860905E-31      7.88860905E-31      1.47000000E+00     -3.63895400E+07     -5.72760920E+07     -3.90294160E+07     -5.12804850E+06
                 786      3.60000000E+10      1.48000000E+02      1.48000000E+02      7.88860905E-31      7.88860905E-31      4.00000000E-01     -4.72732760E+07     -1.81822237E-08     -5.30217920E+07     -1.85687057E-08
                 787      3.60000000E+10      1.48000000E+02      1.48000000E+02      7.88860905E-31      7.88860905E-31      4.00000000E-01     -5.30217920E+07     -1.85686293E-08     -5.87703040E+07     -1.89546281E-08
                 788      3.60000000E+10      1.48000000E+02      1.48000000E+02      7.88860905E-31      7.88860905E-31      4.00000000E-01     -5.87703040E+07     -1.89546263E-08     -6.45188200E+07     -1.93406215E-08
                 789      3.60000000E+10      1.48000000E+02      1.48000000E+02      7.88860905E-31      7.88860905E-31      4.00000000E-01     -6.45188200E+07     -1.93406979E-08     -7.02673360E+07     -1.97262136E-08
                 790      3.60000000E+10      1.48000000E+02      1.48000000E+02      7.88860905E-31      7.88860905E-31      4.00000000E-01     -7.02673360E+07     -1.97264995E-08     -7.60158480E+07     -2.01125019E-08
                 791      3.60000000E+10      1.48000000E+02      1.48000000E+02      7.88860905E-31      7.88860905E-31      4.00000000E-01     -7.60158480E+07     -2.00693897E-08     -8.27703760E+07     -2.05019557E-08
                 792      3.60000000E+10      1.48000000E+02      1.48000000E+02      7.88860905E-31      7.88860905E-31      4.00000000E-01     -8.27703760E+07     -2.05017479E-08     -8.95248960E+07     -2.09343138E-08
                 793      3.60000000E+10      1.48000000E+02      1.48000000E+02      7.88860905E-31      7.88860905E-31      4.00000000E-01     -8.95248960E+07     -2.09343902E-08     -9.62794240E+07     -2.13664872E-08
                 794      3.60000000E+10      1.48000000E+02      1.48000000E+02      7.88860905E-31      7.88860905E-31      4.00000000E-01     -9.62794240E+07     -2.13665867E-08     -1.03033944E+08     -2.17996412E-08
                 795      3.60000000E+10      1.48000000E+02      1.48000000E+02      7.88860905E-31      7.88860905E-31      4.00000000E-01     -1.03033944E+08     -2.17995630E-08     -1.09788472E+08     -2.22321415E-08
                 796      3.60000000E+10      1.48000000E+02      1.48000000E+02      7.88860905E-31      7.88860905E-31      4.00000000E-01     -1.09788472E+08     -2.20846204E-08     -1.17363544E+08     -2.25169572E-08
                 797      3.60000000E+10      1.48000000E+02      1.48000000E+02      7.88860905E-31      7.88860905E-31      4.00000000E-01     -1.17363544E+08     -2.25174155E-08     -1.24938616E+08     -2.29492798E-08
                 798      3.60000000E+10      1.48000000E+02      1.48000000E+02      7.88860905E-31      7.88860905E-31      4.00000000E-01     -1.24938616E+08     -2.29495978E-08     -1.32513696E+08     -2.33821691E-08
                 799      3.60000000E+10      1.48000000E+02      1.48000000E+02      7.88860905E-31      7.88860905E-31      4.00000000E-01     -1.32513696E+08     -2.33821051E-08     -1.40088768E+08     -2.38144384E-08
                 800      3.60000000E+10      1.48000000E+02      1.48000000E+02      7.88860905E-31      7.88860905E-31      4.00000000E-01     -1.40088768E+08     -2.38145397E-08     -1.47663840E+08     -2.42473348E-08
                 801      3.60000000E+10      1.48000000E+02      1.48000000E+02      7.88860905E-31      7.88860905E-31      4.00000000E-01     -4.63280194E-05     -2.53980725E-09     -1.68381275E+06     -2.58687760E-09
                 802      3.60000000E+10      1.48000000E+02      1.48000000E+02      7.88860905E-31      7.88860905E-31      4.00000000E-01     -1.68381275E+06     -2.58650412E-09     -3.36762550E+06     -2.63357069E-09
                 803      3.60000000E+10      1.48000000E+02      1.48000000E+02      7.88860905E-31      7.88860905E-31      4.00000000E-01     -3.36762550E+06     -2.63335243E-09     -5.05143850E+06     -2.67942490E-09
                 804      3.60000000E+10      1.48000000E+02      1.48000000E+02      7.88860905E-31      7.88860905E-31      4.00000000E-01     -5.05143850E+06     -2.67963851E-09     -6.73525100E+06     -2.72671574E-09
                 805      3.60000000E+10      1.48000000E+02      1.48000000E+02      7.88860905E-31      7.88860905E-31      4.00000000E-01     -6.73525100E+06     -2.72634226E-09     -8.41906400E+06     -2.77341261E-09
                 806      3.60000000E+10      1.48000000E+02      1.48000000E+02      7.88860905E-31      7.88860905E-31      4.00000000E-01     -8.41906400E+06     -3.87323107E-09     -1.16260380E+07     -4.01293576E-09
                 807      3.60000000E+10      1.48000000E+02      1.48000000E+02      7.88860905E-31      7.88860905E-31      4.00000000E-01     -1.16260380E+07     -4.01301126E-09     -1.48330110E+07     -4.15221946E-09
                 808      3.60000000E+10      1.48000000E+02      1.48000000E+02      7.88860905E-31      7.88860905E-31      4.00000000E-01     -1.48330110E+07     -4.15221901E-09     -1.80399840E+07     -4.29242109E-09
                 809      3.60000000E+10      1.48000000E+02      1.48000000E+02      7.88860905E-31      7.88860905E-31      4.00000000E-01     -1.80399840E+07     -4.29205116E-09     -2.12469580E+07     -4.43225856E-09
                 810      3.60000000E+10      1.48000000E+02      1.48000000E+02      7.88860905E-31      7.88860905E-31      4.00000000E-01     -2.12469580E+07     -4.43218040E-09     -2.44539320E+07     -4.57189175E-09
                 811      3.60000000E+10      1.48000000E+02      1.48000000E+02      7.88860905E-31      7.88860905E-31      4.00000000E-01     -2.44539320E+07     -5.42254419E-09     -2.90178000E+07     -5.70195446E-09
                 812      3.60000000E+10      1.48000000E+02      1.48000000E+02      7.88860905E-31      7.88860905E-31      4.00000000E-01     -2.90178000E+07     -5.70195713E-09     -3.35816680E+07     -5.98135985E-09
                 813      3.60000000E+10      1.48000000E+02      1.48000000E+02      7.88860905E-31      7.88860905E-31      4.00000000E-01     -3.35816680E+07     -5.98135985E-09     -3.81455400E+07     -6.26075947E-09
                 814      3.60000000E+10      1.48000000E+02      1.48000000E+02      7.88860905E-31      7.88860905E-31      4.00000000E-01     -3.81455400E+07     -6.26075902E-09     -4.27094080E+07     -6.54016308E-09
                 815      3.60000000E+10      1.48000000E+02      1.48000000E+02      7.88860905E-31      7.88860905E-31      4.00000000E-01     -4.27094080E+07     -6.54016130E-09     -4.72732760E+07     -6.81956136E-09
